# callgrind format
version: 1
creator: callgrind-3.18.1
pid: 28420
cmd:  ./provafinale
part: 1


desc: I1 cache: 
desc: D1 cache: 
desc: LL cache: 

desc: Timerange: Basic block 0 - 16680595
desc: Trigger: Program termination

positions: line
events: Ir
summary: 100909267


ob=(3) /usr/lib/x86_64-linux-gnu/libc.so.6
fl=(178) ./string/./string/strtok_r.c
fn=(628) strtok_r
43 608814
+3 135292
+3 135292
+7 200589
cob=(2) ???
cfi=(51) ???
cfn=(630) 0x0000000004870400
calls=66863 -56 
* 2468407
* 66863
+1 133726
+7 200589
cob=(2)
cfi=(51)
cfn=(634) 0x0000000004870560
calls=66863 -64 
* 2891498
* 66863
+1 133726
+7 60173
+1 60173
-14 60173
+16 421211
-16 7473
+16 52311
-23 1566
-5 121912

fl=(177) ./string/./string/strtok.c
fn=(626) strtok
32 67646
+2 135292
cfi=(178)
cfn=(628)
calls=67646 +9 
* 7826651

fl=(141) ./resource/../sysdeps/unix/sysv/linux/getrlimit64.c
fn=(446) getrlimit
38 2
+1 7
+1 1

fl=(110) ./string/../sysdeps/x86_64/multiarch/strncase_l.c
fn=(346) strncasecmp_l
31 1
fi=(105) ./string/../sysdeps/x86_64/multiarch/ifunc-strcasecmp.h
+6 4
-1 2
fe=(110)
-5 2
fi=(105)
+7 3
+3 2
+4 3
+3 4
fe=(110)

fl=(101) ./wcsmbs/../sysdeps/x86_64/multiarch/wmemchr.c
fn=(328) wmemchr
31 2
fi=(102) ./wcsmbs/../sysdeps/x86_64/multiarch/ifunc-evex.h
+7 10
-1 4
+2 6
+6 4
-3 4
+9 6
+3 8
fe=(101)
-23 2

fl=(139) ./elf/./elf/libc_early_init.c
fn=(442) __libc_early_init
33 7
+2 1
cfi=(140) ./ctype/./ctype/ctype-info.c
cfn=(444) __ctype_init
calls=1 -6 
* 17
+3 1
fi=(142) ./elf/../sysdeps/nptl/pthread_early_init.h
-5 2
fe=(139)
+8 1
-3 1
+3 1
fi=(142)
-8 1
cfi=(141)
cfn=(446)
calls=1 +5 
* 10
* 3
+1 1
+4 5
+7 1
fi=(190) ./elf/../nptl/nptl-stack.h
+13 3
fi=(142)
-13 1
fi=(190)
+13 2
fi=(142)
-4 1
fi=(190)
+4 3
fi=(142)
-6 1
-6 1
+6 6
+1 1
+4 1
cfi=(143) ./nptl/./nptl/pthread_mutex_conf.c
cfn=(450) __pthread_tunables_init
calls=1 -7 
* 833
fe=(139)
-10 3
+2 2
-2 1
cfi=(146) ./nptl/../sysdeps/unix/sysv/linux/x86/elision-conf.c
cfn=(464) __lll_elision_init
calls=1 +49 
* 147

fl=(163) ./malloc/./malloc/morecore.c
fn=(564) __glibc_morecore
25 11
+1 22
-1 11
+4 11
cfi=(164) ./misc/./misc/sbrk.c
cfn=(566) sbrk
calls=11 +8 
* 372
+1 22
+4 22

fl=(159) ./setjmp/./setjmp/sigjmp.c
fn=(540) __sigjmp_save
28 3
+2 2
-1 1
+5 3

fl=(106) ./string/../sysdeps/x86_64/multiarch/strcspn.c
fn=(338) strcspn
29 1
fi=(191) ./string/../sysdeps/x86_64/multiarch/ifunc-sse4_2.h
+7 5
fe=(106)
-7 1

fl=(119) ./string/../sysdeps/x86_64/multiarch/strlen.c
fn=(374) strlen
29 1
fi=(84) ./string/../sysdeps/x86_64/multiarch/ifunc-avx2.h
+11 5
-2 2
fe=(119)
-9 2
fi=(84)
+12 2
+1 3
+3 2
+4 3
+3 5
fe=(119)

fl=(129) ./string/../sysdeps/x86_64/multiarch/strncase.c
fn=(404) strncasecmp
31 1
fi=(105)
+6 4
-1 2
fe=(129)
-5 2
fi=(105)
+7 3
+3 2
+4 3
+3 4
fe=(129)

fl=(125) ./string/../sysdeps/x86_64/multiarch/memchr.c
fn=(394) memchr
29 1
fi=(126) ./string/../sysdeps/x86_64/multiarch/ifunc-evex.h
+9 5
-1 2
+2 3
+6 2
-3 2
+9 3
+3 4
fe=(125)
-25 1

fl=(175) ./string/../sysdeps/x86_64/multiarch/memmove-vec-unaligned-erms.S
fn=(616) __memcpy_avx_unaligned_erms
263 6845
+1 6845
+6 6845
+1 6845
+2 6400
+1 6400
+1 6400
+3 5614
+1 5614
+1 5614
+3 11228
+30 445
+1 445
+2 45
+1 45
+2 17
+4 17
+1 7
+1 7
+1 7
+1 7
+1 2
+1 2
+2 2
+2 2
-2 5
+2 5
+6 10
+1 10
+1 10
+1 10
+1 10
+7 400
+1 400
+1 400
+1 400
+2 400
+17 28
+1 28
+1 28
+1 28
+1 28
+7 26
+1 26
+1 26
+1 26
+1 26
+1 26
+1 52
+5 786
+1 786
+5 786
+1 786
+2 71
+1 71
+1 71
+2 45
+1 45
+1 45
+1 45
+1 45
+1 45
+1 45
+1 45
+1 45
+1 45
+1 45
+1 45
+1 45
+1 45
+1 90
+4 715
+1 715
+4 715
+2 715
+4 715
+1 715
+11 715
+3 715
+2 715
+2 715
+4 715
+1 715
+9 681
+1 681
+2 681
+2 681
+1 681
+1 681
+3 681
+2 681
+2 681
+2 1362
+6 681
+1 681
+1 681
+1 681
+1 681
+1 681
+1 681
+1 681
+1 681
+1 681
+1 681
+1 681
-11 2118
+1 2118
+1 2118
+1 2118
+1 2118
+1 2118
+1 2118
+1 2118
+1 2118
+1 2118
+1 2118
+1 2118
+2 681
+1 681
+1 681
+1 681
+2 681
+4 1362
+13 34
+1 34
+2 34
+1 34
+1 34
+2 34
+2 34
+2 68
+6 34
+1 34
+1 34
+1 34
+1 34
+1 34
+1 34
+1 34
+1 34
+1 34
+1 34
+1 34
-11 87
+1 87
+1 87
+1 87
+1 87
+1 87
+1 87
+1 87
+1 87
+1 87
+1 87
+1 87
+2 34
+1 34
+1 34
+1 34
+2 34
+1 68

fn=(688) __mempcpy_avx_unaligned_erms
250 6672
+1 6672
+1 6672
+1 6672
+17 6672
+1 6672
+42 6672
+1 6672
+2 6672
+1 6672
+2 9
+4 9
+1 5
+1 5
+1 5
+1 5
+1 4
+1 4
+2 4
+2 4
-2 1
+2 1
+6 4
+1 4
+1 4
+1 4
+1 4
+29 6663
+1 6663
+1 6663
+1 6663
+1 6663

fl=(87) ./wcsmbs/../sysdeps/x86_64/multiarch/wcsnlen.c
fn=(294) wcsnlen
30 1
fi=(88) ./wcsmbs/../sysdeps/x86_64/multiarch/ifunc-wcslen.h
+11 4
-1 2
+2 3
+3 2
+4 3
+3 3
fe=(87)
-22 1

fl=(107) ./wcsmbs/../sysdeps/x86_64/multiarch/wcscpy.c
fn=(340) wcscpy
44 1
-6 5
+6 1

fl=(170) ./libio/./libio/filedoalloc.c
fn=(584) _IO_file_doallocate
78 18
+6 8
fi=(176) ./libio/./libio/libioP.h
940 6
+2 4
+1 4
fe=(170)
84 6
cfi=(169) ./libio/./libio/fileops.c
cfn=(586) _IO_file_stat
calls=2 1146 
* 36
* 4
+2 8
+11 8
+4 4
cob=(2)
cfi=(51)
cfn=(576) 0x0000000004870370
calls=2 0 
* 296
* 2
+1 4
+2 8
cfi=(168) ./libio/./libio/genops.c
cfn=(592) _IO_setb
calls=2 329 
* 56
+1 2
+1 16

fl=(169)
fn=(586)
1146 2
+1 4
cfi=(171) ./io/../sysdeps/unix/sysv/linux/fstat64.c
cfn=(588) fstat
calls=2 29 
* 30

fn=(596) _IO_file_read
1130 155
+1 155
+2 155
-1 155
+1 310
cfi=(173) ./io/../sysdeps/unix/sysv/linux/read.c
cfn=(598) read
calls=155 25 
* 1240

fn=(674) _IO_do_write@@GLIBC_2.2.5
423 15
+2 45
+1 1
-3 14
fi=(176)
940 14
fe=(169)
423 28
fi=(176)
940 14
fe=(169)
423 14
fi=(176)
940 28
fe=(169)
423 70
+20 14
-10 28
+7 56
fi=(176)
942 28
+1 28
fe=(169)
448 56
cfn=(698) _IO_file_write@@GLIBC_2.2.5
calls=14 1173 
* 630
* 14
+1 42
+2 14
+4 28
-3 28
-1 28
+4 42
-30 14
+28 14
-28 42
+1 112
+28 42

fn=(698)
1173 98
+2 56
-1 28
+6 14
cfi=(189) ./io/../sysdeps/unix/sysv/linux/write.c
cfn=(700) write
calls=14 25 
* 112
+1 28
+5 14
+1 14
-12 28
+4 42
+1 28
+10 42
+3 84
-4 42

fn=(580) _IO_file_underflow@@GLIBC_2.2.5
461 155
+4 465
-4 1240
+7 310
+6 465
+3 310
+12 308
+9 310
fi=(176)
940 155
+2 155
-2 155
fe=(169)
505 310
cfi=(168)
cfn=(594) _IO_switch_to_get_mode
calls=155 164 
* 3875
+6 155
+5 155
-5 155
fi=(176)
942 310
fe=(169)
511 155
fi=(176)
942 155
fe=(169)
511 465
fi=(176)
943 310
fe=(169)
516 620
cfn=(596)
calls=155 1130 
* 2170
+2 310
+16 155
-9 155
+9 310
+2 310
+1 1240
-57 3
+5 2
cfi=(168)
cfn=(582) _IO_doallocbuf
calls=1 343 
* 271
+4 4

fn=(672) _IO_file_overflow@@GLIBC_2.2.5
731 60
+1 15
-1 15
+1 45
+7 73
+37 14
-2 28
+3 8
+3 12
+1 12
+1 8
+4 4
+1 16
-45 2
+12 2
+9 3
+5 3
+2 2
-5 1
+5 1
+1 1
-5 1
+1 1
+4 2
-7 1
+10 2
+1 11
+1 11
+11 33
-12 11
cfn=(674)
calls=11 423 
* 1075
-4 2
+7 12
+2 8
-2 12
cfn=(674)
calls=4 423 
* 428
* 8
-34 2
cfi=(168)
cfn=(582)
calls=1 343 
* 271
+1 1
+9 1
-9 5

fn=(670) _IO_file_xsputn@@GLIBC_2.2.5
1197 40044
+7 6674
-7 13348
+6 26696
+9 13348
-2 26696
+17 20022
+1 13344
+5 6672
+4 6672
-2 20016
+2 6672
-1 6672
-1 6672
cob=(2)
cfi=(51)
cfn=(686) 0x00000000048703d0
calls=6672 0 
* 113455
+4 6672
-4 6672
+4 6672
+28 60066
-68 2
+44 2
fi=(176)
940 6
+2 4
+1 4
fe=(169)
1243 9
fi=(176)
940 27
+2 18
+1 18
fe=(169)
1243 33
cfn=(672)
calls=11 731 
* 1627
* 22
+6 22
+1 55
+2 33
+11 22
+1 44
cfi=(168)
cfn=(676) _IO_default_xsputn
calls=11 371 
* 759
+2 33

fl=(104) ./string/../sysdeps/x86_64/multiarch/strcasecmp.c
fn=(334) strcasecmp
31 1
fi=(105)
+6 4
-1 2
fe=(104)
-5 2
fi=(105)
+7 3
+3 2
+4 3
+3 4
fe=(104)

fl=(156) ./csu/../sysdeps/nptl/libc_start_call_main.h
fn=(534) (below main)
29 4
+15 1
-15 5
+15 1
cfi=(157) ./setjmp/../sysdeps/x86_64/bsd-_setjmp.S
cfn=(536) _setjmp
calls=1 -16 
* 34
* 1
+2 2
+5 2
+1 2
+3 2
+3 6
cob=(5) /home/barde/Scrivania/API/PFAPI23_BARDELLI_10831941/provafinale
cfi=(153) ???
cfn=(542) main
calls=1 -58 
* 100764877

fl=(152) ./libio/./libio/vtables.c
fn=(506) check_stdfiles_vtables
83 1
+1 4
+1 3
+1 3
+2 1

fl=(111) ./string/../sysdeps/x86_64/multiarch/memcmp.c
fn=(350) bcmp
29 1
fi=(112) ./string/../sysdeps/x86_64/multiarch/ifunc-memcmp.h
+5 5
+1 2
+1 2
+1 3
+3 2
+4 3
+3 4
fe=(111)
-18 2

fl=(174) ./string/../sysdeps/x86_64/multiarch/memchr-avx2.S
fn=(602) __memchr_avx2
61 6842
+7 6842
+2 6842
+3 6842
+1 6842
+2 6842
+1 6842
+1 6842
+1 6842
+3 6787
+1 6787
+3 6787
+1 6787
+2 6735
+1 6735
+1 2095
+1 2095
+2 4190
+7 52
+5 52
+7 52
+1 52
+1 2
+1 2
+5 3784
+1 3784
+1 3784
+1 7568
+4 50
+1 50
+4 6
+1 6
+1 6
+1 12
+4 5
+1 5
+1 5
+1 10
+5 5
+1 5
+1 5
+1 10
+10 4695
+1 4695
+1 4695
+2 4695
+10 4695
+1 4695
+3 4695
+1 4695
+2 4553
+1 4553
+2 769
+1 769
+1 769
+1 769
+2 763
+1 763
+1 763
+1 763
+2 758
+1 758
+1 758
+1 758
+4 753
+1 753
+3 728
+1 728
+1 728
+1 728
+5 1456
+10 728
+1 728
+1 728
+1 728
+1 728
+1 728
+1 728
+2 728
+6 728
+1 728
-15 2382
+1 2382
+1 2382
+1 2382
+1 2382
+1 2382
+1 2382
+2 2382
+6 2382
+1 2382
+2 2453
+2 2453
+1 2453
+4 71
+1 142
+8 71
+1 71
-1 142
+1 142
+3 90
+1 90
+4 27
+1 27
+3 16
+1 16
+1 16
+1 16
+1 16
+4 22
+8 657
+1 657
+1 657
+2 497
+1 497
+1 497
+2 327
+2 327
+1 327
+1 327
+4 327
+2 327
+1 654
+5 123
+2 123
+2 123
+1 123
+1 123
+1 123
+1 246
+3 16
+1 32
+5 160
+4 160
+2 160
+1 320
+4 180
+4 180
+2 180
+1 360
+5 25
+1 25
+5 25
+2 25
+1 25
+3 25
+1 34
+3 9
+1 9
+1 9
+1 9
-3 79
+1 79
+1 79
+1 79
+2 78
+1 78
+3 78
+1 78
+3 78
+1 78
+4 75
+1 75
+2 10
+1 10
+2 10
+1 10
+1 10
+5 150
+4 3
+1 3
+1 3
+1 6
+8 55
+3 55
+1 55
+1 55
+3 55
+1 55
+7 55
+3 55
+1 55
+2 55
+1 55

fl=(128) ./string/../sysdeps/x86_64/multiarch/mempcpy.c
fn=(400) mempcpy
33 1
fi=(93) ./string/../sysdeps/x86_64/multiarch/ifunc-memmove.h
+24 3
-1 2
+4 3
+14 2
+3 2
+8 2
+8 2
+3 5
fe=(128)

fl=(120) ./string/../sysdeps/x86_64/multiarch/strncpy.c
fn=(378) strncpy
29 1
fi=(100) ./string/../sysdeps/x86_64/multiarch/ifunc-strncpy.h
+6 5
+1 3
+3 2
+4 3
+3 4
fe=(120)
-17 1

fl=(182) ./string/../sysdeps/x86_64/multiarch/strcmp-avx2.S
fn=(642) __strcmp_avx2
206 18507
+43 18507
+25 18507
+1 18507
+1 18507
+2 18507
+1 18507
+4 18507
+4 18507
+2 18507
+2 18507
+3 18507
+9 18507
+1 18507
+4 18507
+10 18507
+1 18507
+3 18507
+4 37014

fl=(166) ./stdio-common/./stdio-common/getline.c
fn=(572) getline
27 13380
+1 13380
cfi=(167) ./libio/./libio/iogetdelim.c
cfn=(574) getdelim
calls=6690 +13 
* 1092494

fl=(188) ./libio/./libio/feof.c
fn=(684) feof
32 6689
+4 6689
-1 13378
+3 20067
+3 6689

fl=(173)
fn=(598)
25 155
+1 930
+1 155

fl=(179) ./string/../sysdeps/x86_64/multiarch/strspn-sse4.c
fn=(632) __strspn_sse42
63 66863
+1 133726
+8 200589
+41 56522
+2 56522
-2 56522
fi=(192) /usr/lib/gcc/x86_64-linux-gnu/12/include/emmintrin.h
703 56522
fi=(193) /usr/lib/gcc/x86_64-linux-gnu/12/include/tmmintrin.h
138 169566
fi=(181) /usr/lib/gcc/x86_64-linux-gnu/12/include/smmintrin.h
633 113044
fe=(179)
119 226088
-44 66863
fi=(192)
1335 66863
fe=(179)
75 66863
fi=(192)
1335 133726
+98 66863
fe=(179)
80 66863
+1 133726
+2 66863
fi=(192)
703 66863
fe=(179)
85 66863
fi=(192)
703 66863
fi=(193)
138 66863
fe=(179)
-53 133726
+21 10341
fi=(181)
686 10341
fe=(179)
135 10341
+1 41364
+3 56522

fl=(185) ./stdlib/../stdlib/strtol_l.c
fn=(650) ____strtol_l_internal
225 240692
+54 60173
-54 60173
+19 60173
-19 180519
+14 60173
-14 180519
+26 120346
+31 240692
+9 361038
+2 120346
+5 120346
-1 60173
+6 120346
+4 120346
+10 120172
+7 120346
524 481384
327 240692
-82 120346
377 60173
+56 300865
+26 60173
+1 60173
-84 60173
-1 60173
+96 120346
-5 1299768
+5 474244
+1 1422732
-41 948488
+2 1790010
+2 1442802
+7 13380
+17 13380
+4 1422732
+3 948488
+11 120346
+5 180519
+6 120346
+3 60173
+15 60173
-15 120346
-2 120346
309 174

fl=(183) ./stdlib/./stdlib/atoi.c
fn=(646) atoi
26 120346
+1 180519
cfi=(184) ./stdlib/../stdlib/strtol.c
cfn=(648) strtol
calls=60173 +78 
* 14770383
+1 120346

fl=(91) ./wcsmbs/../sysdeps/x86_64/multiarch/wcslen.c
fn=(302) wcslen
29 1
fi=(88)
+12 4
-1 2
+2 3
+3 2
+4 3
+3 3
fe=(91)
-23 1

fl=(189)
fn=(700)
25 14
+1 84
+1 14

fl=(187) ./string/../sysdeps/x86_64/multiarch/strlen-avx2.S
fn=(668) __strlen_avx2
52 6674
+13 6674
+1 6674
+1 6674
+3 6674
+2 6674
+1 6674
+3 6674
+1 6674
+8 6674
+1 6674
+1 6674
+5 13348

fl=(103) ./string/../sysdeps/x86_64/multiarch/strncmp.c
fn=(332) strncmp
67 1
-23 4
-1 2
+24 2
-22 3
+3 2
+4 3
+3 4

fl=(113) ./wcsmbs/../sysdeps/x86_64/multiarch/wmemset.c
fn=(354) wmemset
31 2
fi=(114) ./wcsmbs/../sysdeps/x86_64/multiarch/ifunc-wmemset.h
+5 10
+1 6
fe=(113)
-6 2

fl=(154) ./csu/../csu/libc-start.c
fn=(512) __libc_start_main@@GLIBC_2.34
242 12
+90 3
+1 3
cfi=(155) ./stdlib/./stdlib/cxa_atexit.c
cfn=(514) __cxa_atexit
calls=1 69 
* 70
+25 6
+6 2
-3 2
+10 2
cob=(2)
cfi=(51)
cfn=(528) 0x00000000048706b0
calls=1 0 
* 785
+2 2
+8 4
cfi=(156)
cfn=(534)
calls=1 29 
* 100764937
128 2
+6 3
+1 6
cob=(2)
cfi=(51)
cfn=(518) 0x0000000000109000
calls=1 0 
* 7
+3 1
+1 2
+3 2
+1 2
-1 1
+2 7
+1 4
cob=(5)
cfi=(153)
cfn=(522) 0x0000000000001280
calls=1 0 
* 12
-1 4

fl=(121) ./wcsmbs/../sysdeps/x86_64/multiarch/wmemcmp.c
fn=(382) wmemcmp
29 1
fi=(122) ./wcsmbs/../sysdeps/x86_64/multiarch/ifunc-memcmp.h
+5 5
+1 2
+1 2
+1 3
+3 2
+4 3
+3 4
fe=(121)
-18 2

fl=(157)
fn=(536)
28 1
+2 1
+2 1
cfi=(158) ./setjmp/../sysdeps/x86_64/setjmp.S
cfn=(538) __sigsetjmp
calls=1 -2 
* 31

fl=(146)
fn=(464)
96 2
+5 1
-5 1
+5 1
-5 3
+5 3
cob=(2)
cfi=(51)
cfn=(452) 0x0000000004870630
calls=1 0 
* 22
+2 4
cob=(2)
cfi=(51)
cfn=(452)
calls=1 0 
* 22
+2 4
cob=(2)
cfi=(51)
cfn=(452)
calls=1 0 
* 22
+2 4
cob=(2)
cfi=(51)
cfn=(452)
calls=1 0 
* 22
+2 4
cob=(2)
cfi=(51)
cfn=(452)
calls=1 0 
* 22
+4 3
+1 1
+1 6

fl=(180) ./string/../sysdeps/x86_64/multiarch/strcspn-sse4.c
fn=(636) __strcspn_sse42
87 66863
+1 133726
+8 200589
+40 56522
+3 56522
-3 56522
fi=(192)
703 56522
fi=(193)
138 113044
fi=(181)
686 56522
fe=(180)
144 56522
+4 34607
fi=(181)
633 34607
fe=(180)
150 34607
-2 103821
+1 1214
-50 66863
fi=(192)
1335 66863
fe=(180)
99 66863
fi=(192)
1335 133726
+98 66863
fe=(180)
104 66863
+1 133726
+2 66863
fi=(192)
703 66863
fe=(180)
109 66863
fi=(192)
703 66863
fi=(193)
138 66863
fe=(180)
-29 133726
+21 20682
+32 14148
+4 991
fi=(181)
633 991
+53 1982
+24 991
-24 991
+24 991
fe=(180)
160 1982
fi=(181)
633 44341
+53 88682
+24 44341
-24 44341
+24 44341
fe=(180)
160 88682
+1 153032
fi=(181)
633 6083
fe=(180)
163 18249
+5 6083
-23 43830

fl=(160) ./malloc/./malloc/malloc.c
fn=(560) _int_malloc
1338 1644
3766 6576
1357 822
3766 822
1357 2466
3807 1644
+27 1644
+2 258
+3 43
+2 86
+56 1558
+62 3890
+1 2328
+20 822
-1 822
-1 822
+1 1644
+1 3286
+4 821
+6 3284
-6 1
+6 197
-1 193
+1 193
+3 386
+1 193
+2 386
+1 579
+2 193
+1 772
+2 772
-10 193
+12 386
+1 386
+2 386
+11 386
+31 193
+1 193
+4 386
+29 6
+8 27
+1 9
+1 3
-1 3
+4 6
3900 46
+2 46
-2 46
+2 92
-61 138
4056 190
+1 190
-1 190
+1 380
-16 190
+21 380
1999 570
4409 7398
4143 6
+9 3
-9 6
+9 3
-9 6
+1 3
+1 3
+1 3
+1 3
+6 6
3990 12
4168 6
+11 1264
+2 1172
+3 586
-3 586
+3 1172
+68 632
+1 632
+1 632
-1 632
+1 632
+1 1264
+1 1896
+5 1270
+16 18
+2 36
-4 48
+8 6
+3 12
+2 3
+1 3
+1 3
-2 12
-27 3
-99 9
3899 9
4140 15
4265 1905
+3 2520
-3 1872
+3 184
-3 92
+3 132
+97 629
+1 1258
+2 1258
+3 1897
+17 30
-93 6
+3 6
+2 3
+3 3
-3 6
+3 3
cfn=(720) unlink_chunk.constprop.0
calls=3 1620 
* 96
+3 9
+15 6
-5 3
+5 6
+1 6
+3 3
+1 3
+1 3
+3 6
+2 6
+2 6
+3 24
+2 9
+1 3
1999 3
4343 3
1999 6
4265 6
+5 24
+1 12
4403 30
cfn=(562) sysmalloc
calls=10 2542 
* 1747
* 10
+1 20
1999 30
4376 619
-2 619
+2 619
-1 619
+1 619
-3 619
+8 619
-5 619
+2 619
-2 2476
+2 619
1999 1857

fn=(720)
1620 6
+2 30
+3 6
+1 12
+2 24
-3 6
+6 6
+1 6
+1 30
+2 6
+1 9
+3 6
+14 3
+1 3
+3 12

fn=(548) malloc
3281 4908
+7 1636
1338 1634
+19 4090
3298 1636
+2 3272
+3 1634
+10 1636
+28 4090
3235 4
cfn=(558) tcache_init.part.0
calls=1 -6 
* 465
+68 2
+2 129
+10 3272
cfn=(560)
calls=818 1338 
* 87902
+1 4090
fi=(161) ./malloc/./malloc/arena.c
162 1636
315 1
cfn=(552) ptmalloc_init.part.0
calls=1 -2 
* 1127
fe=(160)
1338 2

fn=(618) _int_free
4417 1568
+10 196
-10 588
+10 392
+6 980
+1 392
+4 784
+8 980
-1 392
+1 392
+29 3
-20 3
-6 3
+6 6
+20 12
+14 386
4698 2156
4565 386
+6 579
+7 193
-4 193
+4 386
+3 386
+5 579
+3 386
+1 386
+1 386
2006 579
4597 386
+1 3
+2 3
-1 3
+2 12
+2 6
cfn=(720)
calls=3 1620 
* 69
+3 386
+5 386
+4 193
+9 193
-1 193
+1 579
+1 386
+12 193
-10 193
+11 193
-1 193
-8 386
+2 386
+3 193
+1 193
+2 193
+1 193
+30 386
3175 3
+4 3
-4 3
+2 12
+1 3
+1 3
4478 3
4688 579
4583 579
-2 386

fn=(562)
2542 90
+20 40
+11 20
+1 20
-11 10
+37 10
+11 10
-10 30
+1 10
+9 85
+6 30
+3 30
2935 20
+1 10
+5 20
+3 20
+5 20
-2 10
+2 10
-1 10
+1 10
-3 10
+3 10
+1 10
-1 30
+1 10
+2 10
+6 110
2681 20
+9 40
+13 30
+8 70
+8 20
+39 20
+2 30
+6 38
+1 9
2940 9
2767 27
-46 40
cfi=(163)
cfn=(564)
calls=10 25 
* 444
+1 40
-1 10
+1 10
2022 40
2724 10
+3 20
+33 20
2604 20
2769 4
+40 3
+22 1
+1 1
-1 1
+1 6
+2 2
+1 4
cfi=(163)
cfn=(564)
calls=1 25 
* 27
+12 3
-12 1
+12 1
2022 4
2891 4
-1 1
-1 1
+1 3
+1 1
+11 2
2759 2
-52 3

fn=(608) realloc
3394 40
+6 8
+4 8
+7 8
+11 4
-2 4
+5 4
-3 8
+2 8
+4 12
fi=(161)
162 12
fe=(160)
3436 16
+1 8
1338 8
+19 24
3447 8
+31 8
+2 24
cfn=(612) _int_realloc
calls=4 4814 
* 989
* 4
+1 20
fi=(161)
162 16
fe=(160)
3481 8
+29 36

fn=(612)
4814 28
+11 16
+1 16
+6 8
+2 8
+1 16
+2 16
+3 8
+89 36
-79 8
+12 6
+12 9
cfn=(560)
calls=3 1338 
* 330
* 3
+1 6
+3 3
+1 3
+5 6
+8 3
-1 3
+4 3
-3 18
+3 3
cob=(2)
cfi=(51)
cfn=(614) 0x0000000004870600
calls=3 0 
* 206
+1 12
cfn=(618)
calls=3 4417 
* 192
+2 3
-47 1
+1 1
-2 2
+4 4
+2 1
-2 1
+2 1
-2 2
+1 1
-1 2
+4 1
-3 1
+1 1
+2 1

fn=(558)
3229 3
+9 8
+1 3
cfn=(560)
calls=1 1338 
* 348
* 1
+1 2
+8 4
+7 2
+2 1
+1 2
-1 1
+1 86
+3 4

fn=(712) free
3346 193
+4 386
-4 193
+14 193
-14 386
+12 193
+4 193
-4 193
+4 386
+17 579
fi=(161)
162 579
fe=(160)
3385 386
cfn=(618)
calls=193 4417 
* 20554
+3 193
+1 772

fl=(168)
fn=(594)
164 775
+1 465
+3 465
+4 310
+1 310
+7 155
-4 155
+4 155
-2 310
+3 155
+1 620

fn=(676)
371 110
+3 22
fi=(176)
940 77
fe=(168)
389 22
+8 11
+2 22
-20 44
+2 33
+3 22
-9 11
+29 88
-11 39
-4 6
+5 68
-1 102
+1 48
-5 18
+5 8
-1 8

fn=(582)
343 2
+1 4
-1 6
+3 8
+1 2
fi=(176)
940 6
+2 4
+1 4
fe=(168)
347 4
cfi=(170)
cfn=(584)
calls=2 78 
* 490
* 4
+3 8

fn=(578) __underflow
269 775
+1 466
+5 465
+3 620
+2 310
+6 310
+7 155
fi=(176)
940 465
+2 310
+1 310
fe=(168)
293 155
+1 155
-1 155
+1 310
-1 155
cfi=(169)
cfn=(580)
calls=155 461 
* 15623
-23 308
+21 465

fn=(722) __overflow
199 12
+2 12
+2 4
fi=(176)
940 12
+2 8
+1 8
fe=(168)
203 4
+1 8
-1 4
cfi=(169)
cfn=(672)
calls=4 731 
* 596

fn=(592)
329 20
+1 8
+5 4
-3 2
+3 4
-2 2
+2 4
+3 12

fl=(85) ./string/../sysdeps/x86_64/multiarch/strpbrk.c
fn=(290) strpbrk
29 1
fi=(191)
+7 5
fe=(85)
-7 1

fl=(186) ./libio/./libio/ioputs.c
fn=(664) puts
33 53392
+2 6674
cob=(2)
cfi=(51)
cfn=(666) 0x0000000004870480
calls=6674 -35 
* 106784
+1 6674
-1 6674
+1 80088
+3 6674
-3 6674
+3 6674
-3 6674
+3 13348
-1 13346
+1 1
+1 1
fi=(176)
940 3
+2 2
+1 2
fe=(186)
40 6673
fi=(176)
940 20019
+2 13346
+1 13346
fe=(186)
40 20022
cfi=(169)
cfn=(670)
calls=6674 1197 
* 409825
* 13348
+1 46706
+1 26680
fi=(176)
883 13340
fe=(186)
42 16
fi=(176)
883 8
+1 66740
fe=(186)
46 46718
-5 8
cfi=(168)
cfn=(722)
calls=4 199 
* 668
* 8

fl=(94) ./wcsmbs/../sysdeps/x86_64/multiarch/wcschr.c
fn=(310) wcschr
31 2
fi=(95) ./wcsmbs/../sysdeps/x86_64/multiarch/ifunc-avx2.h
+9 10
-2 4
fe=(94)
-7 4
fi=(95)
+10 4
+1 6
+3 4
+4 6
+3 10
fe=(94)

fl=(117) ./string/../sysdeps/x86_64/multiarch/strcpy.c
fn=(366) strcpy
29 1
fi=(109) ./string/../sysdeps/x86_64/multiarch/ifunc-strcpy.h
+9 2
+1 1
-1 2
+1 2
+3 2
+4 3
+3 3
fe=(117)
-20 1

fl=(162) ./stdlib/../sysdeps/unix/sysv/linux/getrandom.c
fn=(554) getrandom
28 1
+1 6
+1 1

fl=(164)
fn=(566)
37 22
+3 11
+3 11
-6 33
+3 11
+3 11
+35 5
-20 22
+1 2
cfi=(165) ./misc/../sysdeps/unix/sysv/linux/brk.c
cfn=(568) brk
calls=1 -23 
* 9
* 2
+4 1
-1 22
+4 40
+8 10
cfi=(165)
cfn=(568)
calls=10 -38 
* 90
* 20
+4 50

fl=(89) ./string/../sysdeps/x86_64/multiarch/memset.c
fn=(298) memset
29 1
fi=(90) ./string/../sysdeps/x86_64/multiarch/ifunc-memset.h
+25 5
+3 3
+7 2
+9 2
+2 2
+10 2
+8 2
+3 5
fe=(89)

fl=(123) ./string/../sysdeps/x86_64/multiarch/stpcpy.c
fn=(386) stpcpy
33 1
fi=(109)
+5 2
+1 1
-1 2
+1 2
+3 2
+4 3
+3 3
fe=(123)
-16 1

fl=(115) ./string/../sysdeps/x86_64/multiarch/memrchr.c
fn=(358) memrchr
29 1
fi=(84)
+11 5
-2 2
fe=(115)
-9 2
fi=(84)
+12 2
+1 3
+3 2
+4 3
+3 5
fe=(115)

fl=(167)
fn=(574)
41 66900
+5 26760
+6 40140
+7 33447
+2 1
+1 1
-1 1
+1 1
cob=(2)
cfi=(51)
cfn=(576)
calls=1 -62 
* 163
* 1
+1 2
+7 20070
+1 13380
-30 13380
+55 6842
-1 6842
+7 6842
-7 6842
+1 20526
+4 12
+2 8
cob=(2)
cfi=(51)
cfn=(604) 0x00000000048703a0
calls=4 0 
* 1914
+1 8
-1 4
+1 4
+5 4
+1 4
+2 4
-2 4
+2 16
cob=(2)
cfi=(51)
cfn=(614)
calls=4 0 
* 626
* 27352
cob=(2)
cfi=(51)
cfn=(614)
calls=6838 0 
* 151465
+1 6842
+2 13988
cfi=(168)
cfn=(578)
calls=152 269 
* 20824
* 304
+2 304
-21 152
+21 152
-31 760
cob=(2)
cfi=(51)
cfn=(600) 0x0000000004870410
calls=152 -85 
* 16646
* 33450
cob=(2)
cfi=(51)
cfn=(600)
calls=6690 -85 
* 238844
+2 6842
-2 6842
+2 27368
+1 27368
fi=(176)
883 20070
+1 53520
fe=(167)
124 60210
-72 53520
+1 6690
-1 13380
+1 13380
+65 13380
fi=(176)
883 13380
fe=(167)
73 6
cfi=(168)
cfn=(578)
calls=3 269 
* 688
* 6
+5 12

fl=(155)
fn=(514)
69 6
-28 2
+2 8
+1 2
cfn=(516) __new_exitfn
calls=1 +38 
* 32
+2 2
+10 1
-3 1
+4 1
+1 1
-5 2
+2 1
+4 4
+1 1
+11 6

fn=(516)
82 1
+6 2
-6 4
+11 1
-10 1
+10 4
+2 4
-2 1
+10 1
-10 3
+45 1
+5 1
-4 1
+4 4
-18 1
-1 1
+12 1

fl=(108) ./string/../sysdeps/x86_64/multiarch/strcat.c
fn=(342) strcat
29 1
fi=(109)
+9 2
+1 1
-1 2
+1 2
+3 2
+4 3
+3 3
fe=(108)
-20 1

fl=(97) ./string/../sysdeps/x86_64/multiarch/strrchr.c
fn=(316) rindex
28 1
fi=(84)
+12 5
-2 2
fe=(97)
-10 2
fi=(84)
+13 2
+1 3
+3 2
+4 3
+3 5
fe=(97)

fl=(124) ./string/../sysdeps/x86_64/multiarch/memmove.c
fn=(390) memmove
29 1
fi=(93)
+28 3
-1 2
+4 3
+14 2
+3 2
+8 2
+8 2
+3 5
fe=(124)

fl=(130) ./string/../sysdeps/x86_64/multiarch/rawmemchr.c
fn=(408) rawmemchr
31 1
fi=(126)
+7 5
-1 2
+2 3
+6 2
-3 2
+9 3
+3 4
fe=(130)
-23 1

fl=(96) ./string/../sysdeps/x86_64/multiarch/strchr.c
fn=(314) index
65 1
-22 2
+1 1
-1 2
-1 2
+2 2
+3 2
+4 3
+3 3
+11 1

fl=(83) ./string/../sysdeps/x86_64/multiarch/strnlen.c
fn=(286) strnlen
31 2
fi=(84)
+9 10
-2 4
fe=(83)
-7 4
fi=(84)
+10 4
+1 6
+3 4
+4 6
+3 10
fe=(83)

fl=(172) ./io/../sysdeps/unix/sysv/linux/fstatat64.c
fn=(590) fstatat
154 4
-55 4
+70 6
+1 2

fl=(161)
fn=(552)
313 1
fi=(160)
3156 3
fe=(161)
313 5
+5 1
fi=(160)
3156 2
cfi=(162)
cfn=(554)
calls=1 28 
* 8
* 2
fe=(161)
343 2
+4 3
fi=(160)
1960 4
+3 1
-3 1
+3 2
-3 2
+3 126
-3 126
+3 252
-3 252
fe=(161)
352 3
fi=(160)
1971 1
+1 1
+2 1
fe=(161)
352 1
cob=(2)
cfi=(51)
cfn=(452)
calls=1 0 
* 23
+1 4
cob=(2)
cfi=(51)
cfn=(452)
calls=1 0 
* 22
+1 4
cob=(2)
cfi=(51)
cfn=(452)
calls=1 0 
* 23
+1 4
cob=(2)
cfi=(51)
cfn=(452)
calls=1 0 
* 23
+1 4
cob=(2)
cfi=(51)
cfn=(452)
calls=1 0 
* 22
+1 4
cob=(2)
cfi=(51)
cfn=(452)
calls=1 0 
* 23
+1 4
cob=(2)
cfi=(51)
cfn=(452)
calls=1 0 
* 23
+2 4
cob=(2)
cfi=(51)
cfn=(452)
calls=1 0 
* 23
+1 4
cob=(2)
cfi=(51)
cfn=(452)
calls=1 0 
* 23
+1 4
cob=(2)
cfi=(51)
cfn=(452)
calls=1 0 
* 23
+3 4
cob=(2)
cfi=(51)
cfn=(452)
calls=1 0 
* 23
+1 4
cob=(2)
cfi=(51)
cfn=(452)
calls=1 0 
* 23
+1 2
+63 7

fl=(171)
fn=(588)
29 4
+1 4
+5 6
cfi=(172)
cfn=(590)
calls=2 154 
* 16

fl=(116) ./string/../sysdeps/x86_64/multiarch/strchrnul.c
fn=(362) strchrnul
31 1
fi=(84)
+9 5
-2 2
fe=(116)
-7 2
fi=(84)
+10 2
+1 3
+3 2
+4 3
+3 5
fe=(116)

fl=(81) ./string/../sysdeps/x86/cacheinfo.c
fn=(282) __x86_cacheinfo
86 1
fi=(82) ./string/../sysdeps/x86/cacheinfo.h
-25 1
+3 3
+2 1
+1 1
-1 2
+7 3
+2 1
+1 1
-1 2
+5 2
+2 2
+1 2
+1 2
+2 2
fe=(81)
* 2

fl=(92) ./string/../sysdeps/x86_64/multiarch/memcpy.c
fn=(306) memcpy@@GLIBC_2.14
29 1
fi=(93)
+28 3
-1 2
+4 3
+14 2
+3 2
+8 2
+8 2
+3 5
fe=(92)

fl=(98) ./wcsmbs/../sysdeps/x86_64/multiarch/wcscmp.c
fn=(320) wcscmp
30 1
fi=(95)
+10 5
-2 2
fe=(98)
-8 2
fi=(95)
+11 2
+1 3
+3 2
+4 3
+3 5
fe=(98)

fl=(158)
fn=(538)
30 1
+2 1
+9 1
+1 2
+1 1
+4 1
+1 1
+1 1
+1 1
+1 1
+2 2
+2 1
+1 1
+1 1
+2 2
+2 1
+5 1
+1 1
+17 1
cfi=(159)
cfn=(540)
calls=1 -56 
* 9

fl=(165)
fn=(568)
36 11
fi=(194) ./misc/../sysdeps/unix/sysv/linux/brk_call.h
-12 22
fe=(165)
+13 22
+1 22
+6 11
+1 11

fl=(140)
fn=(444)
29 1
+2 7
+2 4
+2 4
+1 1

fl=(143)
fn=(450)
50 2
+1 2
-1 4
+1 3
cob=(2)
cfi=(51)
cfn=(452)
calls=1 -51 
* 789
+2 4
cob=(2)
cfi=(51)
cfn=(452)
calls=1 -53 
* 23
+2 6

fl=(150) ./misc/./misc/init-misc.c
fn=(500) __init_misc
30 1
+1 2
-1 4
+1 3
+2 3
cob=(2)
cfi=(51)
cfn=(502) 0x00000000048705d0
calls=1 -33 
* 24
+4 5
+1 3
+2 4

fl=(184)
fn=(648)
105 60173
+1 240692
cfi=(185)
cfn=(650)
calls=60173 225 
* 14469518

fl=(149) ./csu/./csu/init-first.c
fn=(498) _init_first
46 4
+5 2
+4 5
+8 1
-2 1
+10 1
-9 1
+1 1
+9 2
-1 1
cfi=(150)
cfn=(500)
calls=1 -41 
* 49

fl=(86) ./string/../sysdeps/x86_64/multiarch/strcmp.c
fn=(292) strcmp
79 2
-31 4
+1 2
-1 4
-1 4
+2 4
+3 4
+4 6
+3 6
+20 2

fl=(127) ./string/../sysdeps/x86_64/multiarch/strspn.c
fn=(398) strspn
29 1
fi=(191)
+7 5
fe=(127)
-7 1

fl=(118) ./string/../sysdeps/x86_64/multiarch/strcasecmp_l.c
fn=(370) strcasecmp_l
31 1
fi=(105)
+6 4
-1 2
fe=(118)
-5 2
fi=(105)
+7 3
+3 2
+4 3
+3 4
fe=(118)

fl=(151) ./string/../sysdeps/x86_64/multiarch/strrchr-avx2.S
fn=(504) __strrchr_avx2
53 1
+1 1
+1 1
+2 1
+1 1
+4 1
+1 1
+1 1
+3 1
+2 1
+1 1
+1 1
+1 1
+3 1
+1 1
+2 1
+1 1
+1 1
+1 1
+1 1
+9 2

fl=(99) ./string/../sysdeps/x86_64/multiarch/stpncpy.c
fn=(324) stpncpy
31 1
fi=(100)
+4 5
+1 3
+3 2
+4 3
+3 4
fe=(99)
-15 1

ob=(4) /usr/libexec/valgrind/vgpreload_core-amd64-linux.so
fl=(148) ???
fn=(492) 0x00000000000012f0
0 5

fn=(484) 0x0000000000001170
0 12

ob=(1) /usr/lib/x86_64-linux-gnu/ld-linux-x86-64.so.2
fl=(137) ./elf/./elf/dl-lookup-direct.c
fn=(436) _dl_lookup_direct
74 27
+2 3
-2 3
+4 3
-4 6
+2 3
+2 9
+37 3
-37 9
+1 6
+2 12
+3 25
+2 6
-54 3
+54 3
-54 3
+54 3
-54 9
+1 9
+2 6
+1 6
+12 9
+3 3
+2 3
-2 3
+2 9
cfi=(33) ./string/../sysdeps/x86_64/multiarch/../multiarch/strcmp-sse2.S
cfn=(94) strcmp
calls=3 +45 
* 219
* 6
+4 3
+1 3
-1 3
+1 18
+1 9
cfi=(33)
cfn=(94)
calls=3 +39 
* 171
* 6
+57 27
-23 6

fl=(45) ./string/./string/strdup.c
fn=(138) strdup
40 15
+1 3
cfi=(23) ./string/../sysdeps/x86_64/multiarch/../multiarch/strlen-sse2.S
cfn=(64) strlen
calls=3 +16 
* 87
* 3
fi=(195) ./string/../include/rtld-malloc.h
+15 6
cfi=(28) ./elf/./elf/dl-minimal-malloc.c
cfn=(80) __minimal_malloc
calls=3 -21 
* 75
fe=(45)
-12 6
+4 3
-1 9
+1 6
-1 3
cfi=(30) ./string/../sysdeps/x86_64/multiarch/memmove-vec-unaligned-erms.S
cfn=(84) memcpy
calls=3 218 
* 41

fl=(138) ./elf/./elf/dl-call-libc-early-init.c
fn=(440) _dl_call_libc_early_init
27 1
+2 2
-2 1
+6 3
-6 1
+6 3
-6 1
+6 1
cfi=(137)
cfn=(436)
calls=1 +41 
* 173
+4 2
+2 4
+2 1
-1 1
+1 2
-1 1
cob=(3)
cfi=(139)
cfn=(442)
calls=1 -7 
* 1058

fl=(27) ./elf/./elf/dl-object.c
fn=(86) _dl_add_to_namespace_list
31 6
+2 3
-2 6
+2 3
-2 6
+2 3
cfi=(25) ./elf/../sysdeps/nptl/dl-tls_init_tp.c
cfn=(88) rtld_mutex_dummy
calls=3 +9 
* 9
+2 26
+3 20
+2 2
+2 2
+4 2
+4 2
-4 4
+1 4
+1 2
+3 2
-3 2
+3 4
-1 2
cfi=(25)
cfn=(88)
calls=2 -8 
* 6
-4 1
+4 1
-4 2
+1 2
+1 1
+3 1
-3 1
+3 2
-1 1
cfi=(25)
cfn=(88)
calls=1 -8 
* 3
-5 2

fn=(74) _dl_new_object
59 42
+3 6
+18 4
+3 2
cfi=(23)
cfn=(64)
calls=2 -26 
* 52
+4 2
-4 2
+4 2
+5 2
-9 6
fi=(29) ./elf/../include/rtld-malloc.h
-39 4
cfi=(28)
cfn=(76) __minimal_calloc
calls=2 +34 
* 100
fe=(27)
+39 1
fi=(29)
-39 2
cfi=(28)
cfn=(76)
calls=1 +34 
* 42
* 3
fe=(27)
+51 6
+5 3
+4 3
-6 3
+2 3
+4 3
-5 3
+4 3
+1 3
-1 3
+1 6
cfi=(30)
cfn=(84)
calls=3 218 
* 44
* 6
+2 3
+13 6
+6 1
+2 7
+3 2
-3 14
+3 4
+2 3
+4 3
+3 10
+2 4
-2 3
+2 15
-2 45
+16 6
-5 3
+5 3
-6 3
+30 3
-24 3
-6 3
+6 6
+2 4
+3 4
-3 2
+7 8
+4 4
+8 1
+3 1
+10 3
-10 2
+10 6
+2 2
+21 2
-21 2
cfi=(23)
cfn=(64)
calls=2 57 
* 70
* 6
+17 2
-13 6
+50 6
cfi=(30)
cfn=(126) mempcpy
calls=2 -40 
* 34
* 2
+5 4
+1 4
-1 80
+1 80
+2 4
+3 2
+3 2
+4 27
131 6
-8 2
-4 4
+34 1
+7 4
+8 8
fi=(29)
56 4
cfi=(28)
cfn=(80)
calls=2 -21 
* 50
* 2
fe=(27)
200 8
64 2
+2 3
+1 2
+4 6
+6 2

fl=(145) ./elf/./elf/dl-runtime.c
fn=(460) _dl_fixup
46 24
+2 15
+1 3
+6 3
fi=(196) ./elf/../sysdeps/x86_64/dl-runtime.h
-27 3
fe=(145)
+21 3
+5 3
+1 3
-6 3
+6 6
+1 3
+2 3
-2 3
+2 3
-2 15
+7 6
+4 6
+4 9
+4 9
+1 12
+1 9
+8 3
-1 3
+1 6
+10 30
cfi=(78) ./elf/./elf/dl-lookup.c
cfn=(270) _dl_lookup_symbol_x
calls=3 756 
* 1743
* 3
+4 15
+10 30
+15 12
+9 9
+26 9
fi=(5) ./elf/../sysdeps/x86_64/dl-machine.h
+61 3
fe=(145)
-57 18

fl=(77) ./elf/./elf/dl-reloc.c
fn=(262) _dl_relocate_object
207 44
+14 4
-14 4
+16 4
-16 4
+16 4
+3 4
-1 4
+1 8
+19 8
+6 16
-34 6
+38 6
+7 12
fi=(5)
72 10
+6 4
+4 3
+6 1
+10 2
+20 2
+5 4
-2 2
fi=(4) ./elf/../sysdeps/generic/ldsodefs.h
-41 1
fe=(77)
301 2
fi=(4)
80 2
fe=(77)
301 2
fi=(4)
80 3
fe=(77)
301 6
fi=(4)
80 6
fe=(77)
301 10895
fi=(4)
80 1
fe=(77)
301 1
fi=(4)
80 2
fe=(77)
301 172
186 4
+32 1
-32 1
+32 2
fi=(6) ./elf/./elf/do-rel.h
49 1
fe=(77)
301 1
fi=(6)
50 1
-1 2
+4 1
-3 1
+3 1
-3 1
+3 4
+27 3
fe=(77)
301 3
186 12
+32 3
-32 3
+32 6
fi=(6)
49 3
fe=(77)
301 3
fi=(6)
50 3
-1 6
+4 3
-3 3
+3 3
-3 3
+3 12
+27 9
-31 4
fe=(77)
301 4
fi=(6)
50 4
-1 8
+4 4
-3 4
+3 4
-3 4
+3 16
+27 12
-7 1
-1 1
+11 7
fi=(5)
498 28
+4 28
+3 42
+1 14
fi=(6)
83 42
+2 212
+2 117
-4 117
+13 5
+1 9
+1 78
fi=(5)
498 39
+34 78
+2 39
cob=(3)
cfi=(130)
cfn=(408)
calls=1 31 
* 23
cob=(3)
cfi=(129)
cfn=(404)
calls=1 31 
* 21
cob=(3)
cfi=(128)
cfn=(400)
calls=1 33 
* 22
cob=(3)
cfi=(127)
cfn=(398)
calls=1 29 
* 7
cob=(3)
cfi=(125)
cfn=(394)
calls=1 29 
* 23
cob=(3)
cfi=(124)
cfn=(390)
calls=1 29 
* 22
cob=(3)
cfi=(123)
cfn=(386)
calls=1 33 
* 17
cob=(3)
cfi=(121)
cfn=(382)
calls=1 29 
* 24
cob=(3)
cfi=(120)
cfn=(378)
calls=1 29 
* 19
cob=(3)
cfi=(119)
cfn=(374)
calls=1 29 
* 25
cob=(3)
cfi=(118)
cfn=(370)
calls=1 31 
* 21
cob=(3)
cfi=(117)
cfn=(366)
calls=1 29 
* 17
cob=(3)
cfi=(116)
cfn=(362)
calls=1 31 
* 25
cob=(3)
cfi=(115)
cfn=(358)
calls=1 29 
* 25
cob=(3)
cfi=(113)
cfn=(354)
calls=2 31 
* 20
cob=(3)
cfi=(111)
cfn=(350)
calls=1 29 
* 24
cob=(3)
cfi=(110)
cfn=(346)
calls=1 31 
* 21
cob=(3)
cfi=(108)
cfn=(342)
calls=1 29 
* 17
cob=(3)
cfi=(107)
cfn=(340)
calls=1 44 
* 7
cob=(3)
cfi=(106)
cfn=(338)
calls=1 29 
* 7
cob=(3)
cfi=(104)
cfn=(334)
calls=1 31 
* 21
cob=(3)
cfi=(103)
cfn=(332)
calls=1 67 
* 21
cob=(3)
cfi=(101)
cfn=(328)
calls=2 31 
* 46
cob=(3)
cfi=(99)
cfn=(324)
calls=1 31 
* 19
cob=(3)
cfi=(98)
cfn=(320)
calls=1 30 
* 25
cob=(3)
cfi=(97)
cfn=(316)
calls=1 28 
* 25
cob=(3)
cfi=(96)
cfn=(314)
calls=1 65 
* 19
cob=(3)
cfi=(94)
cfn=(310)
calls=2 31 
* 50
cob=(3)
cfi=(92)
cfn=(306)
calls=1 29 
* 22
cob=(3)
cfi=(91)
cfn=(302)
calls=1 29 
* 19
cob=(3)
cfi=(89)
cfn=(298)
calls=1 29 
* 24
cob=(3)
cfi=(87)
cfn=(294)
calls=1 30 
* 19
cob=(3)
cfi=(86)
cfn=(292)
calls=1 79 
* 19
cob=(3)
cfi=(85)
cfn=(290)
calls=1 29 
* 7
cob=(3)
cfi=(83)
cfn=(286)
calls=2 31 
* 50
-36 39
+37 39
fi=(6)
97 119
fe=(77)
301 32
fi=(6)
51 4
fi=(4)
+29 12
fe=(77)
304 24
+24 4
+3 8
+17 12
+2 32
-98 8
+3 2
+7 1
-9 1
+9 3
fi=(6)
114 21
+9 12
+1 2
fi=(5)
482 2
fi=(6)
124 2
fi=(5)
482 4
fi=(6)
124 2
fi=(5)
482 2
fi=(6)
124 2
fi=(5)
482 4
+5 8
+1 4
fi=(6)
123 4
fi=(5)
488 4
-5 4
fi=(6)
123 8
+3 21
+3 20
+2 15
-59 3
fe=(77)
182 3
fi=(6)
73 3
fe=(77)
182 12
fi=(6)
-49 6
+1 3
-1 3
+5 3
-5 6
+1 6
+1 6
+1 3
-2 3
+2 6
-1 3
+1 3
+2 6
-5 216
+1 108
-1 108
+5 108
-5 216
+1 216
+1 216
+1 108
-2 108
+2 216
-1 108
+1 108
+2 216
+9 109
fi=(5)
253 218
+7 218
+4 218
fe=(77)
-94 436
fi=(4)
-32 279
fe=(77)
+33 186
+3 537
+8 425
+4 170
-3 85
+1 85
+2 342
-3 1
+1 1
+2 90
+1 86
-1 86
+2 516
+2 516
cfi=(78)
cfn=(270)
calls=86 756 
* 46771
+3 86
+1 172
-4 86
+4 430
fi=(5)
+79 369
+3 90
-3 286
+3 106
-3 106
+3 212
+1 212
+1 215
+25 652
407 24
fi=(6)
150 24
fi=(5)
407 166
fi=(6)
150 286
-19 444
+32 18
+1 16
+1 6
+3 4
+4 2
-1 2
-3 2
+2 4
+2 2
-2 12
fi=(5)
273 2
+3 2
-3 2
+4 4
461 2
-1 4
+1 4
+1 2
cfi=(15) ./elf/../sysdeps/x86/dl-get-cpu-features.c
cfn=(438) __x86_cpu_features
calls=1 71 
* 6
cob=(3)
cfi=(81)
cfn=(282)
calls=1 86 
* 28
fi=(6)
164 2
fi=(5)
463 2
fi=(6)
164 10
-13 45
fi=(5)
384 51
+2 68
+4 17
+9 17
-9 34
+9 17
fi=(6)
150 34
fi=(5)
444 3
+5 2
-1 3
+1 2
-1 1
cfi=(30)
cfn=(84)
calls=1 218 
* 11
+2 5
+1 2
273 80
fi=(6)
140 10
+3 2
fi=(5)
273 10
fe=(77)
-98 21
+3 7
-1 7
+19 7
-18 14
fi=(5)
281 2
+1 3
+11 2
+7 1
cob=(3)
cfi=(86)
cfn=(292)
calls=1 79 
* 19
* 3
+3 2
fe=(77)
+53 20
+3 4
-3 4
+3 4
+4 8
+1 16
cfi=(131) ./misc/../sysdeps/unix/syscall-template.S
cfn=(412) mprotect
calls=4 117 
* 24
* 8
175 28
301 6
fi=(6)
179 2
73 2
179 9
+2 2
+1 2
-1 1
+3 1
-3 4
+3 2
-3 10
+1 10
-1 5
+3 5
-3 20
+3 10
+8 6
fi=(5)
+61 12
+7 12
+4 12
fe=(77)
-94 24
fi=(4)
-32 18
fe=(77)
+33 12
+3 36
+8 30
+4 12
-3 6
+1 6
+2 36
+4 30
-4 6
+4 12
cfi=(78)
cfn=(270)
calls=6 756 
* 2874
+3 6
+1 12
-4 6
+4 30
fi=(5)
+79 20
+3 2
-3 6
+3 2
-3 2
+3 4
+1 4
+1 4
+25 36
407 6
fi=(6)
195 18
-16 24
+30 6
fe=(77)

fl=(1) ???
fn=(0) 0x000000000001d880
0 2
cfi=(2) ./elf/./elf/rtld.c
cfn=(2) _dl_start
calls=1 520 
0 143010
0 10
cfi=(147) ./elf/./elf/dl-init.c
cfn=(476) _dl_init
calls=1 77 
0 349
0 3
cob=(5)
cfi=(153)
cfn=(510) (below main)
calls=1 0 
0 100765893

fl=(46) ./elf/./elf/dl-debug.c
fn=(182) _dl_debug_update
38 3
+3 3
-1 6
+4 6
+4 3

fn=(144) _dl_debug_initialize
56 2
+3 2
+4 1
+22 1
+10 1
-32 2
+1 1
+21 2
+5 2
+1 1
+4 1
-4 1
-1 1
+2 1
+3 1
+4 2
+8 2
-50 3
+39 6

fn=(150) _dl_debug_state
116 2
+1 2

fl=(50) ./string/../string/strcspn.c
fn=(156) strcspn
32 4
+1 3
+1 2
+5 6
+1 4
+1 4
+1 4
+2 1
+3 3
+1 2
-1 6
+1 4
+3 4
+1 4
+1 4
+1 4
+2 3
+6 1
-1 1
+1 1
+2 2
-1 2
+2 1
+2 6
-5 12
-1 12
+1 12
+2 24
-1 24
+2 12
+2 72
+2 1
+1 4
+1 3

fl=(43) ./string/../sysdeps/x86_64/multiarch/../multiarch/memcmp-sse2.S
fn=(122) bcmp
59 1
+12 1
+1 1
+22 1
+1 1
+45 1
+1 1
+2 1
+1 1
+2 1
+1 1
+2 1
+1 1
+47 1
+1 1
+1 1
+1 1
+1 1
+1 1

fl=(144) ./elf/../sysdeps/x86_64/dl-trampoline.h
fn=(458) _dl_runtime_resolve_xsave
71 3
+5 3
+3 3
+2 3
+10 3
+6 3
+1 3
+1 3
+1 3
+1 3
+1 3
+1 3
+4 3
+1 3
+3 3
+1 3
+2 3
+1 3
+1 3
+1 3
+1 3
+1 3
+2 3
+7 3
+1 3
+1 3
cfi=(145)
cfn=(460)
calls=3 -84 
* 2028
+1 3
+5 3
+1 3
+1 3
+2 3
+1 3
+1 3
+1 3
+1 3
+1 3
+1 3
+2 3
+2 3
+4 3
+2 3

fl=(16) ./elf/../sysdeps/x86/cpu-features.c
fn=(36) init_cpu_features.constprop.0
399 1
+16 1
-16 6
+3 1
+1 1
+1 1
+11 2
+3 6
687 3
+1 1
+3 2
+1 1
+6 1
+1 1
+1 1
+1 1
fi=(19) ./elf/../sysdeps/x86/dl-cacheinfo.h
+5 1
+2 1
+14 2
841 1
-1 1
+6 1
+28 1
-33 1
+1 1
+5 1
-5 1
+1 1
+5 1
-5 1
+1 1
+6 1
-6 1
+1 1
+6 1
-6 1
+4 2
+24 2
+25 2
+9 6
cfi=(11) ./elf/./elf/dl-tunables.c
cfn=(28) __tunable_get_val
calls=1 402 
* 21
* 1
+2 2
+3 4
cfi=(11)
cfn=(28)
calls=1 402 
* 21
* 1
+5 2
-3 2
+3 2
cfi=(11)
cfn=(28)
calls=1 402 
* 21
* 1
+5 2
-3 2
+3 2
cfi=(11)
cfn=(28)
calls=1 402 
* 21
* 1
+1 3
+6 4
cfi=(11)
cfn=(28)
calls=1 402 
* 21
+3 3
-3 1
+3 5
-3 1
+3 2
cfi=(11)
cfn=(56) __GI___tunable_set_val
calls=1 157 
* 53
+1 8
cfi=(11)
cfn=(56)
calls=1 157 
* 53
+7 9
cfi=(11)
cfn=(56)
calls=1 157 
* 53
+2 10
cfi=(11)
cfn=(56)
calls=1 157 
* 53
+2 9
cfi=(11)
cfn=(56)
calls=1 157 
* 53
+14 1
+2 1
fe=(16)
706 1
fi=(19)
958 1
+6 1
fe=(16)
706 1
fi=(19)
961 1
-3 1
+2 1
fe=(16)
706 1
fi=(19)
964 1
-2 1
+1 1
+2 1
fe=(16)
706 1
cfi=(11)
cfn=(28)
calls=1 402 
* 19
+4 3
+61 1
-1 1
+1 1
+46 4
cfi=(11)
cfn=(28)
calls=1 402 
* 19
+2 4
cfi=(11)
cfn=(28)
calls=1 402 
* 19
fi=(22) ./elf/../sysdeps/unix/sysv/linux/x86/cpu-features.c
27 6
fe=(16)
829 2
+45 8
fi=(19)
+7 12
fe=(16)
724 1
-1 2
+1 3
+51 3
+27 2
-10 2
+1 2
+2 3
+1 2
+2 3
+1 2
fi=(19)
-75 2
cfn=(48) handle_intel.constprop.0
calls=1 255 
* 448
+1 1
-1 2
+1 1
cfn=(48)
calls=1 255 
* 495
+1 1
-1 1
+1 1
cfn=(48)
calls=1 255 
* 522
+3 1
-3 2
+3 1
cfn=(48)
calls=1 255 
* 468
+2 1
-2 1
+2 1
cfn=(48)
calls=1 255 
* 461
+3 1
-2 1
-1 1
+3 1
cfn=(48)
calls=1 255 
* 439
+2 1
-2 1
+2 1
cfn=(48)
calls=1 255 
* 441
+3 1
-2 1
-1 1
+3 1
cfn=(48)
calls=1 255 
* 486
+2 1
-2 1
+2 1
cfn=(48)
calls=1 255 
* 488
+3 1
-3 1
+3 1
cfn=(48)
calls=1 255 
* 513
+2 1
-2 1
+2 1
cfn=(48)
calls=1 255 
* 515
+2 1
-2 1
+2 1
cfn=(48)
calls=1 255 
* 820
+2 3
-2 1
+2 1
cfn=(54) get_common_cache_info.constprop.0
calls=1 481 
* 222
863 10
fe=(16)
424 6
cfn=(38) get_common_indices.constprop.0
calls=1 -99 
* 71
303 3
+1 2
+1 6
+5 2
429 1
cfn=(42) update_active.constprop.0
calls=1 43 
* 192
+2 1
+2 1
701 1
431 2
564 2
+7 2
+2 1
+4 2
+6 2
+2 1
422 2
-3 1
311 6
+5 2
+1 7
433 4
+1 4
+69 1
+10 9
+42 1
+1 1
434 11
+55 3

fn=(38)
325 1
+4 4
+3 3
+5 2
-5 1
+5 1
-5 1
+4 1
+1 1
+1 4
+1 4
+1 3
+1 2
+7 2
+2 5
+5 1
-5 1
+5 1
-5 1
+5 1
-5 2
+5 1
+7 1
-7 4
+7 1
+1 3
+6 1
-6 4
+6 1
fi=(17) ./elf/../sysdeps/unix/sysv/linux/x86/dl-minsigstacksize.h
24 2
+3 2
+1 2
+37 3
+7 1
+2 1
fe=(16)
384 2

fn=(42)
43 7
+45 1
-13 1
-28 1
+10 1
+31 1
+4 1
+1 1
-17 1
-10 1
+10 1
-20 1
-1 1
+38 2
-28 1
+29 1
-18 1
-21 1
+25 1
-6 1
-19 1
+29 1
-28 1
+38 1
-38 1
+38 1
-14 1
+15 1
-15 1
-15 1
+18 1
+4 1
-22 1
+9 1
+18 1
-18 1
+18 1
+5 1
-32 1
+18 1
-9 1
+9 1
+4 1
+10 1
-17 1
+7 1
+5 1
+3 1
+3 1
-1 1
+1 1
-1 1
+1 1
+2 2
+1 4
+3 1
+1 1
-1 1
+1 1
-1 1
+1 1
-1 1
+1 1
+4 2
+4 2
+2 4
+83 3
+13 1
-1 2
+4 3
+4 1
-4 1
+4 1
+67 3
+4 3
fi=(18) ./elf/../sysdeps/x86/get-isa-level.h
31 1
-3 1
+3 1
-1 2
fe=(16)
296 1
+1 8
-75 3
+1 2
+3 1
-1 1
+9 1
-5 1
+2 1
-2 1
+5 1
fi=(18)
32 3
+4 3
fe=(16)
+83 2
+2 1
+3 2
+10 1
+10 2
-10 1
+10 1
-10 2
+6 3
+2 1
-2 1
+2 3
+7 4
fi=(18)
39 2
+1 4
+5 1
-7 1
+7 3
+2 1
+1 2
+3 5
+2 4
+1 2
+1 2
+6 1
-4 1
+4 1
-3 2
fe=(16)
+73 1
-5 2
+4 1

fl=(14) ./elf/../sysdeps/unix/sysv/linux/brk.c
fn=(30) brk
36 1
fi=(197) ./elf/../sysdeps/unix/sysv/linux/brk_call.h
-12 2
fe=(14)
+13 1
+1 2
+6 1
+1 1

fl=(19)
fn=(50) intel_check_word.constprop.0
123 78
-4 78
+10 104
-10 26
+10 52
+2 52
+71 50
fi=(20) ./elf/../bits/stdlib-bsearch.h
32 25
fe=(19)
202 125
-71 102
+2 63
+2 126
+8 126
+51 102
+22 51
fi=(20)
28 51
-1 102
+2 228
+2 178
+1 89
fe=(19)
+78 178
+3 345
fi=(20)
-82 282
-2 564
+2 512
+1 256
fe=(19)
+78 512
+15 15
246 104
fi=(20)
37 126
fe=(19)
155 36
+3 36
-6 12
+3 39
+9 18
+23 21
-32 63
+3 63
+4 58
+2 116
+3 84
+1 48
+1 48
+1 30
-8 6
+2 12
+8 11
+2 22
+6 14
+3 8
+1 16
-3 12
-5 4
+2 4
-1 4
-1 4
+2 8
-2 4
+3 12
-2 12
+2 8

fn=(54)
481 1
+17 1
-17 3
+16 1
-16 2
+15 1
-15 3
+18 1
-1 1
+9 2
+3 2
-5 1
+5 2
+11 1
+5 3
+4 2
681 4
+1 5
+4 2
+7 1
+1 1
+1 7
535 7
+3 4
-31 4
+74 4
+8 4
+2 2
-2 1
+6 3
+3 1
+1 5
-4 2
+16 1
-16 3
+21 2
-21 4
+2 1
+2 4
-4 1
+6 4
+3 2
+5 1
+2 2
+1 1
+1 1
-2 2
+1 1
-19 4
+46 3
+1 1
+1 2
538 7
+7 2
-7 9
+7 6
+3 26
+14 2
+4 1
+3 1
+1 1
-4 2
+3 3
+6 5
-37 12
+15 2
+4 1
+1 1
-1 2
+1 1
+61 2
+7 1
+2 2
-16 1
+22 1
-6 2
+1 1
+5 1
+8 3

fn=(48)
255 24
-5 12
+22 12
-22 84
+13 12
+1 12
+8 12
+7 12
-7 24
+8 12
-1 12
+1 48
+9 60
cfn=(50)
calls=12 123 
* 1218
+2 24
+3 5
cfn=(50)
calls=1 123 
* 20
+2 2
+3 5
cfn=(50)
calls=1 123 
* 265
+2 2
-35 4
+18 60
cfn=(50)
calls=12 123 
* 4032
+2 24
+24 96
-5 3

fl=(8) ./elf/./elf/dl-setup_hash.c
fn=(14) _dl_setup_hash
25 4
+3 4
-3 4
+3 8
+3 12
+1 8
+2 4
-1 4
+3 12
+1 4
+1 8
+7 4
-5 4
-2 4
+3 8
+2 4
+2 8
+5 4

fl=(33)
fn=(246) strncmp
98 1
+27 1
+1 1
+1 1
+1 1
+1 1
+2 1
+1 1
+2 1
+1 1
+21 1
+1 1
+1 1
+1 1
+1 1
+1 1
+1 1
+1 1
+17 1
+1 1
+1 1
+1 1
+1 1
+1 1
+1 1
2104 1
+3 1
+1 1
+2 1
+1 1
+8 1
+1 1

fn=(94)
98 171
+33 171
+1 171
+2 171
+1 171
+21 171
+1 171
+1 90
+1 90
+1 68
+1 68
+1 68
+1 68
+17 68
+1 68
+1 68
+1 68
+1 68
+1 68
+1 68
+5 8
+1 24
+9 8
+1 8
+1 8
+1 8
+1 8
+1 8
+1 8
+1 8
-7 103
+1 103
+1 103
+1 103
+1 103
+1 103
+1 103
+1 103
+1 50
+1 31
+1 31
+1 31
+2 31
+1 31
+1 31
+1 31
+1 31
+1 31
-5 19
+1 19
+1 19
+1 19
+1 19
+1 19
+10 61
+1 61
+1 61
+2 61
+6 61
+1 61
+1 61
+1 61
+1 61
+5 61
+2 59
+1 59
+1 118
+8 59
+1 59
+3 59
+1 59
+1 59
+1 59
+1 59
+1 59
661 2
+1 2
+1 2
+1 2
+1 2
+2 2
+1 2
+1 2
+1 2
+1 2
+1 2
+1 2
+1 2
+4 2
+1 2
+1 2
+6 2
+1 2
+1 4
+4 2
+1 2
+3 2
+1 2
+1 2
+2 2
+1 2
+1 2
+4 2
+1 2
+1 2
+1 2
+1 2
+1 2
+69 2
+1 2
+1 2
+1 2
+1 2
+2 2
+1 2
+1 2
+1 2
+1 2
+1 2
+1 2
+1 2
+4 2
+1 2
+1 2
+6 2
+1 2
+1 4
+4 2
+1 2
+3 2
+1 2
+1 2
+2 2
+1 2
+1 2
+4 2
+1 2
+1 2
+1 2
+1 2
+1 2
+7 1
+1 1
+2 1
+1 1
+2 1
+1 1
+1 1
+2 1
+1 1
+1 1
+4 1
+1 1
+1 1
+1 1
+1 1
+1 1
1018 15
+1 15
+1 15
+1 15
+1 15
+2 15
+1 15
+1 15
+1 15
+1 15
+1 15
+1 15
+1 15
+4 15
+1 15
+1 15
+6 15
+1 15
+1 30
+4 15
+1 15
+3 15
+1 15
+1 15
+2 15
+1 15
+1 15
+4 15
+1 15
+1 15
+1 15
+1 15
+1 15
+69 3
+1 3
+1 3
+1 3
+1 3
+2 3
+1 3
+1 3
+1 3
+1 3
+1 3
+1 3
+1 1
+4 1
+1 1
+1 1
+6 1
+1 1
+1 2
+4 1
+1 1
+3 1
+1 1
+1 1
+2 1
+1 1
+1 1
+4 1
+1 1
+1 1
+1 1
+1 1
+1 1
+69 4
+1 4
+1 4
+1 4
+1 4
+2 4
+1 4
+1 4
+1 4
+1 4
+1 4
+1 4
+1 1
+4 1
+1 1
+1 1
+6 1
+1 1
+1 2
+4 1
+1 1
+3 1
+1 1
+1 1
+2 1
+1 1
+1 1
+4 1
+1 1
+1 1
+1 1
+1 1
+1 1
+69 2
+1 2
+1 2
+1 2
+1 2
+2 2
+1 2
+1 2
+1 2
+1 2
+1 2
+1 2
+1 2
+4 2
+1 2
+1 2
+6 2
+1 2
+1 4
+4 2
+1 2
+3 2
+1 2
+1 2
+2 2
+1 2
+1 2
+4 2
+1 2
+1 2
+1 2
+1 2
+1 2
+7 1
+1 1
+2 1
+1 1
+2 1
+1 1
+1 1
+2 1
+1 1
+1 1
+4 1
+1 1
+1 1
+1 1
+1 1
+1 1
+41 1
+1 1
+1 1
+1 1
+1 1
+2 1
+1 1
+1 1
+1 1
+1 1
+1 1
+1 1
1613 6
+1 6
+1 6
+1 6
+1 6
+2 6
+1 6
+1 6
+1 6
+1 6
+1 6
+1 6
+1 4
+4 4
+1 4
+1 4
+6 4
+1 4
+1 8
+4 4
+1 4
+3 4
+1 4
+1 4
+2 4
+1 4
+1 4
+4 4
+1 4
+1 4
+1 4
+1 4
+1 4
+69 7
+1 7
+1 7
+1 7
+1 7
+2 7
+1 7
+1 7
+1 7
+1 7
+1 7
+1 7
+1 7
+4 7
+1 7
+1 7
+6 7
+1 7
+1 14
+4 7
+1 7
+3 7
+1 7
+1 7
+2 7
+1 7
+1 7
+4 7
+1 7
+1 7
+1 7
+1 7
+1 7
+69 4
+1 4
+1 4
+1 4
+1 4
+2 4
+1 4
+1 4
+1 4
+1 4
+1 4
+1 4
+1 3
+4 3
+1 3
+1 3
+6 3
+1 3
+1 6
+4 3
+1 3
+3 3
+1 3
+1 3
+2 3
+1 3
+1 3
+4 3
+1 3
+1 3
+1 3
+1 3
+1 3
+69 4
+1 4
+1 4
+1 4
+1 4
+2 4
+1 4
+1 4
+1 4
+1 4
+1 4
+1 4
+2 1
+4 1
+1 1
+1 1
+6 1
+1 1
+2 2
+4 1
+1 1
+3 1
+1 1
+1 1
+2 1
+1 1
+1 1
+4 1
+1 1
+1 1
+1 1
+1 1
+1 1
+71 97
+2 97
+1 97
+1 97
+1 97
-3 14
+1 14
+1 14
+1 14
+1 62
+5 31
+6 31
+1 31
+8 31
+1 31
-16 140
+6 140
+1 140
+8 140
+1 140

fl=(59) ./io/../sysdeps/unix/sysv/linux/fstatat64.c
fn=(188) fstatat
154 26
-55 26
+70 30
+1 4
-2 18
+1 18

fl=(2)
fn=(240) version_check_doit
677 3
+2 4
cfi=(74) ./elf/./elf/dl-version.c
cfn=(242) _dl_check_all_versions
calls=1 392 
* 3677
* 2
+4 2

fn=(168) map_doit
644 2
+2 1
-2 1
+2 1
+1 2
-1 2
+1 3
cfi=(31) ./elf/./elf/dl-load.c
cfn=(170) _dl_map_object
calls=1 1971 
* 2523
* 1
+2 2

fn=(68) dl_main
1357 2
196 1
1357 4
2579 1
1357 7
198 1
301 1
+1 1
196 1
+99 3
1368 1
cfi=(25)
cfn=(70) __tls_pre_init_tp
calls=1 53 
* 17
2558 2
+6 5
-4 1
+4 1
+2 5
cfi=(26) ./elf/./elf/dl-environ.c
cfn=(72) _dl_next_ld_env_entry
calls=1 28 
* 53
* 4
cfi=(26)
cfn=(72)
calls=2 28 
* 366
* 9
+4 6
-2 2
+2 6
+1 2
-1 6
+1 17
-1 89
+9 12
2697 4
+25 2
1384 1
+1 2
-1 2
+1 2
2655 3
+1 3
-56 2
+7 2
1654 9
cfi=(27)
cfn=(74)
calls=1 59 
* 225
* 1
+2 2
+1 3
+6 1
-5 2
+1 3
+4 1
cfi=(27)
cfn=(86)
calls=1 31 
* 37
+1 2
1122 1
-1 1
1362 1
1150 1
-23 1
+2 1
+21 2
-19 1
+1 1
-5 1
+2 1
+21 2
+57 1
-83 1
+23 1
+4 1
+19 1
+37 2
-57 1
+57 1
-56 116
1256 4
+2 1
1150 18
-26 3
1263 22
+6 4
cfi=(31)
cfn=(90) _dl_process_pt_gnu_property
calls=1 868 
* 20
-7 26
+1 13
+6 13
-6 26
fi=(32) ./elf/../sysdeps/x86/dl-prop.h
212 4
+1 2
95 8
+10 2
212 1
105 2
-3 1
+3 1
-2 1
+2 2
-4 1
-1 2
+93 4
-1 1
-87 3
+3 3
+1 2
+1 2
+4 3
+4 3
+3 3
+1 2
+4 1
+1 5
+58 3
+2 4
-56 4
+1 2
+3 4
+3 2
+1 8
+5 8
+7 4
+16 2
-3 4
+6 4
fe=(2)
1155 1
-5 1
+5 2
-5 2
+30 1
-9 2
+2 1
-3 1
+10 2
+18 2
-38 2
-10 1
+10 1
+1 9
-11 2
+57 4
-1 4
+1 8
-1 4
+2 8
+1 1
+2 12
+1 14
+4 8
+1 8
+1 4
+1 10
+1 1
+4 1
-74 1
+74 2
-74 2
+74 3
-74 3
+74 6
-74 6
fi=(32)
165 2
fe=(2)
1252 1
1150 1
1252 1
1150 3
1275 4
+3 3
+2 3
+2 3
1689 3
+2 2
-1 1
+1 1
+1 3
-2 2
cfi=(33)
cfn=(94)
calls=1 98 
* 34
* 2
+7 1
+3 1
-5 1
+3 1
+2 1
+1 2
+4 2
+2 2
fi=(3) ./elf/./get-dynamic-info.h
39 4
+4 1
+2 3
+9 1
+5 1
-1 1
-3 17
+13 5
-23 20
+23 21
-23 84
+4 52
+5 24
+2 5
+16 4
+43 2
+7 3
+1 4
+6 3
+18 4
+5 2
+2 2
+2 2
+2 2
+1 2
+3 4
+2 3
+1 2
+9 2
+6 2
+1 3
+3 3
fe=(2)
1715 4
+7 2
cfi=(8)
cfn=(14)
calls=1 25 
* 27
+3 2
fi=(34) ./elf/./setup-vdso.h
24 2
fi=(37) ./elf/./dl-main.h
+88 2
fi=(36) ./elf/../sysdeps/unix/sysv/linux/dl-vdso-setup.h
-67 1
fi=(37)
+67 3
cfi=(31)
cfn=(106) _dl_init_paths
calls=1 706 
* 2971
fe=(2)
1750 3
cfi=(46)
cfn=(144)
calls=1 56 
* 33
+7 1
-5 1
-2 1
+7 1
+4 1
+1 1
+2 1
-3 3
+1 2
+3 1
+11 1
-13 1
+13 1
+1 2
+5 1
-3 2
+2 1
+1 2
+5 3
+1 5
-1 2
223 1
+1 1
-1 1
+1 3
+1 2
1805 2
+5 1
-1 1
+1 1
+24 1
cfi=(47) ./elf/../elf/dl-tls.c
cfn=(146) _dl_count_modids
calls=1 197 
* 6
* 1
fi=(48) ./elf/../sysdeps/generic/dl-debug.h
29 4
+1 1
fe=(2)
1840 1
+1 1
cfi=(46)
cfn=(150)
calls=1 116 
* 2
+1 1
+4 3
cfi=(49) ./elf/./elf/dl-audit.c
cfn=(152) _dl_audit_activity_map
calls=1 29 
* 16
+5 3
+2 1
+2 2
+9 2
+16 4
cfi=(65) ./io/../sysdeps/unix/sysv/linux/access.c
cfn=(204) access
calls=1 25 
* 9
* 2
+76 4
+16 3
84 1
1982 1
84 2
1982 1
84 1
1982 5
84 1
1982 2
cfi=(66) ./elf/./elf/dl-deps.c
cfn=(206) _dl_map_object_deps
calls=1 143 
* 7990
91 1
+9 1
1988 1
91 2
+9 2
1988 2
+1 6
-1 4
+1 6
-1 12
+4 3
+1 2
+1 1
+2 14
+1 6
+46 1
-42 2
+8 3
+1 2
+2 1
+2 3
+2 1
-4 1
+5 1
-1 2
+14 2
+1 2
+1 3
-25 1
+36 2
+2 2
-2 2
+1 2
+1 1
-1 2
+1 1
cfi=(52) ./elf/./elf/dl-error-skeleton.c
cfn=(238) _dl_receive_error
calls=1 238 
* 3705
+10 1
+1 1
-1 1
+1 1
+3 2
843 1
fi=(198) ./elf/../sysdeps/unix/sysv/linux/dl-osinfo.h
39 2
fe=(2)
845 1
fi=(198)
52 1
fe=(2)
854 1
+7 1
-5 1
2064 3
2263 2
+4 1
-4 1
+10 1
-6 1
+6 1
-6 1
+9 2
+8 2
fi=(32)
36 2
+1 3
+3 1
+13 2
-13 9
+9 6
-9 1
+9 16
+4 15
-16 12
+34 2
fe=(2)
2295 1
fi=(32)
71 2
cfi=(76) ./elf/../sysdeps/x86/dl-cet.c
cfn=(260) _dl_cet_check
calls=1 252 
* 32
fe=(2)
2295 2
+3 1
84 2
2303 1
84 2
2304 17
+2 8
+5 8
+2 8
+6 4
+2 8
+1 24
cfi=(77)
cfn=(262)
calls=3 207 
* 70672
+4 10
+1 2
-23 1
+23 1
cfi=(47)
cfn=(414) _dl_add_to_slotinfo
calls=1 1015 
* 28
-23 3
91 3
+1 1
2336 1
92 1
2336 1
+4 4
+2 1
+7 4
cfi=(47)
cfn=(416) _dl_allocate_tls_init
calls=1 528 
* 147
+3 2
-37 1
+1 1
-3 2
+49 3
+2 2
+33 3
cfi=(138)
cfn=(440)
calls=1 27 
* 1255
+7 1
cfi=(9) ./elf/../sysdeps/unix/sysv/linux/dl-sysdep.c
cfn=(466) _dl_sysdep_start_cleanup
calls=1 147 
* 2
+4 3
cfi=(49)
cfn=(468) _dl_audit_activity_nsid
calls=1 41 
* 21
+5 2
cfi=(46)
cfn=(182)
calls=1 38 
* 7
+1 1
-1 1
+2 1
cfi=(46)
cfn=(150)
calls=1 116 
* 2
+1 1
+4 1
cfi=(68) ./elf/./elf/dl-cache.c
cfn=(470) _dl_unload_cache
calls=1 534 
* 18
+5 8
225 2
-2 1
+1 1
1790 2
+6 1
-6 2
+6 1
fi=(32)
198 9
+2 1
+1 1
+1 1
-2 1
+3 1
-3 2
+3 1
fi=(3)
59 4
+3 4
+2 4
fi=(35) ./elf/../sysdeps/unix/sysv/linux/dl-vdso.h
-24 2
+1 5
fi=(36)
-11 1
+3 1
+3 1
+3 1
fi=(35)
+16 2
fi=(3)
+17 3
+12 3
+1 5
+1 5
+1 5
+1 4
+1 5
+1 5
+1 5
+12 2
+7 1
-7 7
+7 2
fe=(2)
2656 2
+2 1
+1 1
-1 1
+1 1
+1 1
1760 4
2374 1
cfi=(132) ./elf/./elf/dl-find_object.c
cfn=(418) _dl_find_object_init
calls=1 561 
* 571
+5 3
cfi=(7) ./elf/./elf/dl-minimal.c
cfn=(426) __rtld_malloc_init_real
calls=1 76 
* 2491
+3 1
cfi=(136) ./elf/../sysdeps/nptl/dl-mutex.c
cfn=(434) __rtld_mutex_init
calls=1 30 
* 524
84 1
2388 1
+1 3
84 3
2389 2
cfi=(77)
cfn=(262)
calls=1 207 
* 4501
91 3
+9 3
2057 2
cfn=(248) init_tls
calls=1 737 
* 767
* 2
2607 2
+2 2
+1 1
1960 10
84 1
1859 2
84 3
1859 2
cfn=(154) handle_preload_list
calls=1 875 
* 2961
* 1
91 3
+9 3
1960 6
+1 1
-1 1
+4 3
+1 1
+1 2
+1 2
-7 2

fn=(248)
737 3
+2 1
+4 1
-4 1
+4 2
+11 1
fi=(29)
44 1
fe=(2)
749 1
+4 1
fi=(29)
44 1
cfi=(28)
cfn=(76)
calls=1 +34 
* 36
fe=(2)
764 1
-12 1
+6 1
-9 1
+11 1
+4 1
+2 3
-1 2
+3 8
+4 1
+2 1
-2 2
-5 1
-1 2
+10 3
+3 2
cfi=(47)
cfn=(250) _dl_tls_static_surplus_init
calls=1 97 
* 79
+3 1
cfi=(47)
cfn=(252) _dl_determine_tlsoffset
calls=1 221 
* 76
+7 1
cfi=(47)
cfn=(254) _dl_allocate_tls_storage
calls=1 422 
* 427
* 1
+1 2
+6 1
+3 2
-3 1
+3 6
+3 1
cfi=(25)
cfn=(256) __tls_init_tp
calls=1 68 
* 73
+1 1
+3 5
-39 3
-1 7

fn=(154)
875 10
+5 1
-5 1
+5 4
-4 2
+7 3
cfi=(50)
cfn=(156)
calls=1 32 
* 252
* 1
+1 3
+9 1
182 1
895 2
182 2
897 2
-81 1
+6 1
-5 1
+3 1
+2 2
-6 1
+6 2
-10 1
+6 1
+4 1
cob=(2)
cfi=(51)
cfn=(158) 0x0000000004001080
calls=1 0 
* 2621
+1 3
+8 3
+67 1
-18 2
+21 9
-15 4
cfi=(30)
cfn=(84)
calls=1 218 
* 19
+1 2

fn=(2)
520 16
84 1
550 1
84 1
546 1
fi=(5)
46 1
fe=(2)
+38 1
549 1
84 1
fi=(3)
-39 1
fe=(2)
549 1
fi=(3)
45 2
+23 1
-14 1
+5 1
-1 1
-3 11
+13 3
-23 12
+23 17
-23 68
+4 40
+5 16
+2 5
+3 4
fi=(4)
+21 1
fi=(3)
+30 1
-38 3
+12 4
+1 4
+1 4
+1 4
+1 5
+1 4
+1 4
+1 4
+12 7
+7 2
+5 2
+7 1
+1 3
+6 3
+1 3
+3 2
+1 3
+5 3
+3 3
fi=(5)
-70 1
fe=(2)
566 88
fi=(4)
80 1
fe=(2)
566 1
fi=(4)
80 2
fe=(2)
566 42
fi=(5)
273 3
fi=(6)
49 1
fe=(2)
566 1
fi=(6)
50 1
-1 2
+4 1
-3 1
+3 4
+3 2
-7 1
fe=(2)
566 1
fi=(6)
50 1
-1 2
+4 1
-3 1
+3 4
+3 2
+7 7
+2 7
-2 14
fi=(5)
264 7
fi=(6)
64 14
fi=(5)
264 14
+9 56
+3 14
+1 14
+26 21
+4 6
fi=(6)
61 25
fe=(2)
566 6
fi=(6)
51 1
fi=(4)
+29 2
fi=(3)
-18 4
+2 4
fe=(2)
568 1
+13 1
cfi=(7)
cfn=(12) __rtld_malloc_init_stubs
calls=1 42 
* 10
460 2
84 1
478 2
84 3
478 1
cfi=(8)
cfn=(14)
calls=1 25 
* 27
+2 1
+17 1
-15 1
+15 1
-18 1
+3 1
+9 1
-11 1
+17 1
cfi=(9)
cfn=(16) _dl_sysdep_start
calls=1 102 
* 142277
* 1
+2 2
+89 9
-22 3
fi=(3)
103 3
fe=(2)

fl=(53) ./setjmp/../sysdeps/x86_64/setjmp.S
fn=(166) __sigsetjmp
30 3
+2 3
+9 3
+1 6
+1 3
+4 3
+1 3
+1 3
+1 3
+1 3
+2 6
+2 3
+1 3
+1 3
+2 6
+2 3
+8 3
+3 3
+1 3
+7 3
+1 3

fl=(42) ./string/../sysdeps/x86_64/multiarch/../multiarch/strchr-sse2.S
fn=(118) index
32 15
+1 15
+1 15
+1 15
+1 15
+1 15
+1 15
+1 15
+1 15
+1 15
+1 15
+1 15
+1 15
+1 15
+1 15
+1 15
+1 15
+1 15
+1 13
+4 13
+1 13
+1 13
+1 13
+2 13
+4 2
+1 2
+1 2
+1 2
+1 2
+1 2
+1 2
+1 2
+1 2
+1 2
+1 2
+1 2
+1 2
+1 2
+1 2
+1 2
+1 2
+1 2
+1 2
+1 2
+1 2
+1 2
+1 2
+1 2
+52 2
+4 2
+1 2
+1 2
+1 2
+2 2

fl=(66)
fn=(210) openaux
61 6
+7 2
-4 4
+1 2
-1 16
cfi=(31)
cfn=(170)
calls=2 1971 
* 6305
* 2
+5 4

fn=(206)
143 4
+1 2
-1 1
+1 1
-1 2
+1 1
-1 1
+1 1
-1 2
+1 1
-1 1
+1 1
-1 2
+1 8
-8 1
+8 2
-8 1
-6 1
-2 1
+16 1
-8 1
-7 1
+1 1
+6 1
+24 4
-28 3
-2 1
+31 1
-33 2
+2 2
+30 2
-30 1
-1 4
+7 4
+24 2
-32 1
+60 1
-60 2
+36 1
+18 1
+46 2
fi=(73) ./elf/../include/scratch_buffer.h
77 1
fe=(66)
228 1
fi=(73)
77 1
+1 1
fe=(66)
182 1
+2 1
+44 3
-31 1
-4 1
+4 5
-4 3
+4 6
+11 12
-18 2
+18 4
417 8
+2 2
+3 4
-3 4
+3 2
-3 2
fi=(29)
56 2
cfi=(28)
cfn=(80)
calls=2 -21 
* 50
fe=(66)
423 6
fi=(29)
56 2
fe=(66)
423 2
+6 2
+1 10
cfi=(30)
cfn=(84)
calls=2 218 
* 22
+1 10
cfi=(30)
cfn=(84)
calls=2 218 
* 22
+3 2
+1 4
+4 12
188 6
442 9
-1 4
+1 8
183 6
+27 8
+7 2
+4 2
-6 2
+1 2
+1 2
+1 4
+3 8
-31 10
+32 104
+6 8
cfi=(31)
cfn=(208) _dl_dst_count
calls=2 +10 
* 108
* 6
+4 4
-2 2
+2 4
cob=(2)
cfi=(51)
cfn=(162) 0x0000000004001050
calls=2 0 
* 6457
+1 4
+9 2
+2 4
+5 10
+6 2
+2 2
-8 4
+3 2
+1 2
+1 2
+1 2
+4 10
+4 6
+1 3
-43 214
+7 4
+38 150
fi=(73)
85 3
fe=(66)
448 6
+1 1
+3 4
+11 4
fi=(29)
56 1
cfi=(28)
cfn=(80)
calls=1 -21 
* 25
fe=(66)
465 2
fi=(29)
56 1
fe=(66)
465 1
+5 2
+1 1
-1 2
+4 3
-2 2
+13 3
+5 3
-16 9
-2 3
+6 3
+7 3
-2 6
-5 1
+7 1
-2 2
+2 2
-11 1
+16 1
-16 3
+21 3
+37 2
+15 2
-14 2
+20 1
-1 4
+1 3
-1 5
cfi=(13) ./elf/./elf/dl-sort-maps.c
cfn=(234) _dl_sort_maps
calls=1 304 
* 272
+5 1
+2 1
+1 1
-1 1
+2 2
+7 3
+3 2
+3 8
198 25
+3 2
fi=(73)
-70 8
cfi=(72) ./malloc/./malloc/scratch_buffer_set_array_size.c
cfn=(230) __libc_scratch_buffer_set_array_size
calls=2 30 
* 40
fe=(66)
+70 6
+4 4
547 3
cfi=(30)
cfn=(84)
calls=1 218 
* 11
* 2
-53 2
144 2

fl=(54) ./elf/./elf/dl-misc.c
fn=(172) _dl_name_match_p
68 84
+1 28
cfi=(33)
cfn=(94)
calls=14 +29 
* 350
* 28
+3 14
+2 28
+6 15
-6 30
+1 54
cfi=(33)
cfn=(94)
calls=18 +23 
* 578
* 36
+8 3
-13 3
+13 20
-1 11
+1 33

fn=(218) _dl_sysdep_read_whole_file
36 2
+3 1
-3 5
+3 1
-3 2
+3 1
cfi=(55) ./io/../sysdeps/unix/sysv/linux/open64_nocancel.c
cfn=(176) __open_nocancel
calls=1 -11 
* 17
+1 2
+23 7
-21 4
cfi=(58) ./io/../sysdeps/unix/sysv/linux/fstat64.c
cfn=(186) fstat
calls=1 -13 
* 15
* 2
+2 2
+3 2
+13 2
cfi=(64) ./io/../sysdeps/unix/sysv/linux/close_nocancel.c
cfn=(200) __GI___close_nocancel
calls=1 -35 
* 6
* 1
-11 6
cfi=(60) ./misc/../sysdeps/unix/sysv/linux/mmap64.c
cfn=(190) mmap
calls=1 -2 
* 9
* 2

fl=(68)
fn=(224) _dl_cache_libcmp
367 9
+1 9
+32 9
-33 18
+1 22
+2 49
+2 49
-2 98
+20 94
+2 94
-12 40
+2 40
+14 40
+1 40
-29 80
+32 6
-28 4
+8 2
-2 4
+1 4
-1 2
+2 6
+2 2
-3 2
+3 6
+2 4
+9 21

fn=(216) _dl_load_cache_lookup
413 10
+2 2
+3 3
+74 1
208 1
492 2
+3 3
fi=(70) ./elf/../sysdeps/x86/dl-procinfo.h
39 2
+3 3
cfi=(33)
cfn=(94)
calls=1 +56 
* 25
* 4
fe=(68)
212 6
cfi=(11)
cfn=(28)
calls=1 402 
* 21
+16 1
-16 1
+6 1
+10 2
-7 8
+9 1
+5 1
-5 4
+1 1
-37 2
+37 1
+4 2
-5 6
+5 6
-5 24
+1 6
-37 12
+37 6
+4 12
+4 21
cfn=(224)
calls=7 367 
* 534
+1 14
356 6
+3 1
228 2
357 5
228 19
+22 4
+3 4
+2 8
cfn=(224)
calls=2 367 
* 220
* 4
+2 1
-9 4
-30 3
+1 1
+92 2
-93 2
+93 1
-93 1
+1 1
-1 3
+93 6
-44 2
+10 2
+1 3
fi=(69) ./elf/../sysdeps/generic/dl-cache.h
125 5
fe=(68)
294 2
+9 2
+3 2
+5 2
+1 6
+28 2
510 2
+12 2
cfi=(23)
cfn=(64)
calls=1 57 
* 35
* 13
+1 1
-1 1
+1 1
-1 1
+1 1
cfi=(30)
cfn=(84)
calls=1 218 
* 11
* 1
+1 1
cfi=(45)
cfn=(138)
calls=1 40 
* 89
+1 8
421 4
cfi=(54)
cfn=(218)
calls=1 36 
* 89
* 1
+8 5
+1 8
+3 3
+1 1
-1 3
fi=(69)
194 1
+1 5
fe=(68)
441 1
+1 2

fn=(470)
534 1
+1 4
-1 1
+3 2
cfi=(131)
cfn=(472) munmap
calls=1 117 
* 6
+1 1
+4 1
+2 2

fl=(11)
fn=(22) __GI___tunables_init
279 9
-9 3
+34 5
71 325
+6 64
-3 64
+3 6649
354 8
81 128
+5 128
fi=(12) ./elf/./elf/dl-tunables.h
+54 64
fe=(11)
-54 256
fi=(12)
+55 170
-1 190
+1 170
fe=(11)
320 256
-18 8960
+6 12352
fi=(12)
140 1728
+1 1152
-1 27
+1 108
-1 135
fe=(11)
298 128

fn=(28)
402 33
+3 231
+9 33
-9 126
+9 10
+17 165
+2 33
-9 23
+1 23

fn=(56)
157 25
-55 45
fi=(21) ./elf/./dl-tunable-types.h
-12 5
fe=(11)
+21 5
+1 5
fi=(21)
-22 5
fe=(11)
+22 10
+1 5
-1 5
+1 20
fi=(12)
+8 10
fe=(11)
+13 30
+1 5
+1 5
+1 5
+24 5
fi=(12)
-39 5
fe=(11)
-6 10
fi=(12)
+15 5
fe=(11)
-12 10
+4 25
+7 10
+1 10

fl=(64)
fn=(200)
25 3
+1 12
+1 3

fl=(49)
fn=(532) _dl_audit_preinit
118 1
+1 4

fn=(468)
41 2
+4 1
-4 1
+4 1
-4 1
+4 1
-4 2
+4 1
+1 1
+1 4
+4 6

fn=(152)
29 6
+2 1
-1 1
+1 2
+6 6

fn=(202) _dl_audit_objopen
77 2
+1 8

fl=(131)
fn=(472)
117 5
+5 1

fn=(412)
117 20
+5 4

fl=(26)
fn=(72)
28 3
+1 3
+3 72
+13 62
-13 124
+2 128
+1 18
+5 2
-3 2
+3 2
+2 2
+7 1

fl=(31)
fn=(212) open_path
1819 8
+1 1
-1 3
+1 1
+6 2
+5 17
-7 2
-1 1
+8 3
+58 2
-20 4
-35 3
+9 6
+7 2
+1 1
-13 2
+12 3
cfi=(30)
cfn=(126)
calls=1 205 
* 13
+1 23
+3 30
+5 70
cfi=(30)
cfn=(126)
calls=10 205 
* 134
* 40
cfi=(30)
cfn=(126)
calls=10 205 
* 130
+3 30
+6 30
+3 70
cfn=(174) open_verify.constprop.0
calls=10 1578 
* 530
+2 10
-2 10
+2 30
+2 20
+89 9
-24 5
+7 2
-2 1
+2 2
+3 4
1829 2
+51 20
+1 70
+6 10
+2 10
-2 30
+2 20
cfi=(67) ./io/../sysdeps/unix/sysv/linux/stat64.c
cfn=(214) stat
calls=10 28 
* 158
* 10
+3 10
-3 20
+1 1
+2 2
-2 1
+2 7
-41 2
+41 18
-41 18
-20 2

fn=(208)
238 4
+3 2
-3 6
+7 2
-7 2
+3 2
cfi=(42)
cfn=(118)
calls=2 32 
* 72
+3 4
+20 14

fn=(90)
868 3
+8 3
-8 3
+8 3
-6 3
+12 6
-13 3
+13 3
-13 3
+13 6
+3 9
+1 6
+1 6
+43 3

fn=(106)
706 11
+14 1
-14 2
+14 2
cfi=(38) ./elf/./elf/dl-hwcaps.c
cfn=(108) _dl_important_hwcaps
calls=1 175 
* 1845
fi=(29)
56 1
fe=(31)
720 1
fi=(29)
56 1
cfi=(28)
cfn=(80)
calls=1 -21 
* 25
fe=(31)
725 1
+2 3
+8 2
-1 3
+5 3
fi=(29)
56 1
cfi=(28)
cfn=(80)
calls=1 -21 
* 25
fe=(31)
739 1
+2 4
+17 1
-10 1
+8 1
-9 1
+9 2
+11 1
-9 1
+3 2
+9 1
-2 1
+2 2
-7 1
-4 1
+3 1
+6 1
+2 1
-3 2
+1 16
cfi=(44) ./string/../sysdeps/x86_64/multiarch/../multiarch/memset-vec-unaligned-erms.S
cfn=(130) memset
calls=4 140 
* 72
+2 15
-14 3
+10 3
+4 9
-12 3
-2 3
+2 3
+4 3
-3 3
+3 3
+1 3
-2 3
+5 6
-3 3
+4 6
+15 1
+3 1
-15 1
+7 1
-1 1
+9 2
+2 4
+2 3
+36 5
+2 2
cfi=(23)
cfn=(64)
calls=1 57 
* 17
* 9
-19 1
-2 1
+2 2
+19 9
cfi=(30)
cfn=(84)
calls=1 218 
* 11
* 1
+5 4
-1 2
+2 1
+1 2
-2 4
+1 13
+1 26
-2 52
+5 1
fi=(29)
56 1
cfi=(28)
cfn=(80)
calls=1 -21 
* 25
fe=(31)
836 1
fi=(29)
56 1
fe=(31)
838 2
+6 6
cfn=(132) fillin_rpath.isra.0
calls=1 468 
* 632
+3 3
+6 1
+4 8
-35 2
+5 2

fn=(132)
468 7
+4 1
-4 9
+6 3
cfi=(7)
cfn=(134) strsep
calls=1 239 
* 282
* 3
cfi=(7)
cfn=(134)
calls=1 239 
* 9
* 6
+7 2
+2 3
cfn=(136) expand_dynamic_string_token
calls=1 -98 
* 118
* 1
+4 2
+5 2
cfi=(23)
cfn=(64)
calls=1 57 
* 17
* 1
+1 2
+7 5
+9 15
+1 8
fi=(29)
50 2
cfi=(28)
cfn=(142) __minimal_free
calls=1 +45 
* 5
+1 1
fe=(31)
528 4
+4 4
fi=(29)
56 1
cfi=(28)
cfn=(80)
calls=1 -21 
* 25
* 1
fe=(31)
534 2
+5 1
+1 2
-1 1
-1 1
+2 1
cfi=(30)
cfn=(126)
calls=1 205 
* 13
+3 1
-3 1
+1 1
+2 1
+6 1
+1 1
-1 3
+1 11
+1 1
-1 1
+1 2
-1 2
+1 1
-1 1
+1 2
-1 6
+1 1
-1 1
+1 1
-1 3
+1 1
-1 2
+3 1
+1 1
-1 1
+1 2
+1 1
+6 2
+1 1
+3 3
-60 4
+66 1
+3 10

fn=(170)
1971 33
+8 6
+1 12
+3 42
+5 49
+2 21
cfi=(54)
cfn=(172)
calls=7 68 
* 710
* 14
+4 12
+1 18
+4 2
-1 10
+1 2
+1 2
-1 2
+1 2
cfi=(33)
cfn=(94)
calls=2 98 
* 86
* 4
2277 27
2018 2
-1 6
+1 4
-1 4
-44 2
+53 6
+17 4
-2 2
+2 2
cfi=(42)
cfn=(118)
calls=2 32 
* 48
* 4
2209 2
-1 3
cfn=(136)
calls=1 385 
* 168
+2 1
-3 1
+1 1
+2 2
+4 7
cfn=(174)
calls=1 1578 
* 103
+3 2
-3 1
+3 1
+12 4
+45 1
+1 4
-1 1
+1 9
cfn=(180) _dl_map_object_from_fd
calls=1 944 
* 1835
-1 1
+1 4
-1 1
+1 9
cfn=(180)
calls=1 944 
* 2232
* 6
2047 2
cfi=(23)
cfn=(64)
calls=1 57 
* 17
* 2
+2 2
+7 4
+51 13
cfn=(212)
calls=1 1819 
* 1665
+6 1
-6 1
+6 4
682 1
2114 1
682 2
2229 4
+46 2
2081 5
682 1
2082 1
682 3
2106 2
+1 2
-47 1
+1 1
696 7
2065 3
682 1
2066 1
682 2
+10 5
2080 2
+1 2
+61 2
cfi=(68)
cfn=(216)
calls=1 413 
* 1365
* 1
+2 2
+4 2
+8 3
+23 7
cfn=(174)
calls=1 1578 
* 134
+4 2
-4 1
+4 1
+1 1
+17 2
-79 1
+14 2
+2 3
-47 2

fn=(180)
944 22
+10 2
-10 6
+10 2
cfi=(46)
cfn=(182)
calls=2 38 
* 14
* 2
+7 8
+85 8
+10 4
+7 14
cfi=(27)
cfn=(74)
calls=2 59 
* 760
* 2
+1 4
+11 2
+5 2
-4 2
-1 2
+2 2
+2 2
-2 2
+2 4
+1 6
+1 2
+19 2
-2 1
+2 12
-2 1
+2 28
+10 2
-10 2
+10 6
+27 2
-33 2
-3 2
+2 2
-1 2
+35 2
+9 2
-50 2
+41 2
+9 2
-36 2
+63 10
-62 60
+20 2
+1 1
-22 69
+1 127
1223 4
1110 2
1223 4
1110 6
1228 14
+10 6
+1 2
-1 2
+1 2
-1 6
+1 6
-1 6
+1 6
-1 18
1076 4
1245 4
+10 8
+7 8
fi=(61) ./elf/./dl-map-segments.h
28 2
fe=(31)
1262 6
fi=(61)
28 4
+1 18
cfi=(60)
cfn=(190)
calls=2 +18 
* 18
+73 4
-1 2
-72 2
+73 2
+3 4
+1 2
+2 2
-3 2
+1 2
+2 2
+17 2
+2 2
fi=(62) ./elf/./dl-load.h
-36 16
+1 6
+2 16
fi=(61)
+55 32
+6 2
+2 2
-2 2
+1 2
+2 4
-1 8
+8 4
+3 4
+8 12
cfi=(44)
cfn=(130)
calls=2 -36 
* 244
* 2
+6 4
+12 8
-59 48
+5 6
-3 12
+3 6
-3 12
+2 42
cfi=(60)
cfn=(190)
calls=6 -92 
* 54
* 12
fi=(57) ./elf/../sysdeps/posix/dl-fileid.h
37 6
cfi=(58)
cfn=(186)
calls=2 -8 
* 30
* 4
fe=(31)
999 4
fi=(57)
40 6
fe=(31)
999 2
fi=(57)
40 2
fe=(31)
999 23
+1 10
fi=(57)
49 12
fe=(31)
1525 18
1084 13
+1 2
-1 1
+1 1
-1 1
+1 1
cfi=(71) ./io/../sysdeps/unix/sysv/linux/pread64_nocancel.c
cfn=(226) __pread64_nocancel
calls=1 25 
* 7
* 2
+26 26
+26 56
+8 16
+1 8
-1 8
+1 32
+1 8
-1 8
+1 8
+2 8
-2 8
+2 8
+2 8
-4 8
+1 16
-1 8
+4 40
+2 16
+13 16
+1 30
+5 6
+1 54
-28 6
+38 6
-11 2
+1 18
-28 2
+38 2
+3 3
+5 1
-1 2
+5 1
-5 2
-66 1
+71 4
+1 1
+3 1
-3 1
+8 4
-87 4
+7 2
+2 2
-2 2
+1 2
+1 2
-1 4
+1 16
+93 4
+1 2
1018 4
1278 8
+1 6
fi=(63) ./elf/./elf/get-dynamic-info.h
39 4
+6 2
-2 2
+2 4
+9 2
+5 2
-1 2
-3 25
+13 7
-23 28
+23 32
-23 128
+4 78
+5 36
+2 10
+3 8
+13 8
+12 7
+1 8
+1 8
+1 8
+1 7
+1 7
+1 7
+1 8
+12 2
+7 2
-7 14
+7 5
+5 2
+7 2
+1 6
+6 6
+1 3
+17 6
+5 2
+2 2
+2 2
+2 2
+4 6
+2 3
+1 2
+9 2
+6 2
+4 4
fe=(31)
1285 4
+1 4
+2 4
+10 6
+19 6
+2 12
+52 6
+1 2
+6 18
+1 42
+6 8
cfn=(90)
calls=2 868 
* 40
-7 52
+1 25
+6 25
-6 50
fi=(32)
95 16
213 2
-1 4
105 4
212 2
105 4
-3 2
-1 2
+2 2
+2 4
-5 4
+93 8
-1 2
-87 6
+3 6
+1 4
+1 4
+4 6
+4 6
+3 6
+1 4
+4 2
+1 10
+58 6
+2 8
-56 6
+1 3
+3 6
+3 3
+1 12
+5 12
+7 6
+16 3
-3 6
+3 8
fe=(31)
1390 4
cfi=(64)
cfn=(200)
calls=2 25 
* 12
* 4
+13 4
+2 8
+2 4
+16 4
cfi=(8)
cfn=(14)
calls=2 25 
* 54
+4 4
+1 4
+17 4
+1 1
+3 1
+5 1
-5 1
+5 1
-5 1
+5 1
-5 1
+5 1
+10 4
+7 16
+10 4
+1 4
+5 2
cfi=(47)
cfn=(228) _dl_assign_tls_modid
calls=1 131 
* 10
+7 6
cfi=(27)
cfn=(86)
calls=2 31 
* 96
+3 8
+23 14
+1 6
cfi=(49)
cfn=(202)
calls=2 77 
* 10
* 2
fi=(62)
95 4
+2 1
-1 2
+1 1
-1 1
+1 1
-1 1
+1 1
-1 2
+3 4
fe=(31)
1516 4
fi=(32)
198 16
+2 2
+1 2
+1 2
-2 2
+3 2
-3 4
+3 2
fi=(63)
62 8
+2 8
fe=(31)
1084 2
fi=(61)
186 8
cfi=(60)
cfn=(190)
calls=1 47 
* 9
+3 2
fe=(31)
1472 6
+2 1
-1 5
+1 1
-1 1
+1 1
-1 1
cfi=(33)
cfn=(94)
calls=1 98 
* 25
* 2
+2 5
1285 2
fi=(57)
49 4
fe=(31)

fn=(174)
1578 120
+32 12
-32 24
+32 24
+19 48
cfi=(55)
cfn=(176)
calls=12 28 
* 234
* 12
+2 24
+8 2
+6 6
-5 2
+5 10
cfi=(56) ./io/../sysdeps/unix/sysv/linux/read_nocancel.c
cfn=(178) __read_nocancel
calls=2 25 
* 12
+2 4
+2 4
+2 4
+6 4
+17 26
+81 4
+5 4
+6 8
+6 4
+6 2
+1 2
-1 6
+1 6
+26 108
-22 13
+1 2
-1 1
+1 1
cfi=(71)
cfn=(226)
calls=1 25 
* 7
* 2
1674 3
-59 20
1783 2

fn=(136)
385 16
241 4
385 2
241 2
cfi=(42)
cfn=(118)
calls=2 32 
* 72
+3 4
410 2
-11 2
+11 12
-11 2
cfi=(45)
cfn=(138)
calls=2 40 
* 168

fl=(71)
fn=(226)
25 4
+1 8
+1 2

fl=(13)
fn=(26) _dl_sort_maps_init
295 2
+1 4
cfi=(11)
cfn=(28)
calls=1 402 
* 20
+2 3
-1 1
+2 2

fn=(234)
304 12
+8 1
-8 1
+8 2
+4 8
216 1
-28 1
-2 1
+1 2
+29 1
-28 4
+1 1
-1 1
+1 1
-1 2
+1 3
-1 3
+1 3
-1 6
+28 15
+8 3
-3 1
+2 1
+1 2
-3 1
+5 13
+2 4
-83 20
cfn=(236) dfs_traversal.part.0
calls=4 -5 
* 122
+86 12
+18 4
+13 1
+54 1
-47 3
cfi=(30)
cfn=(84)
calls=1 -51 
* 11
+13 4

fn=(236)
140 32
+10 4
-2 4
+2 8
+2 8
-7 6
+7 12
+9 8
+15 12
+1 4
+1 24

fl=(60)
fn=(190)
47 24
+3 24
+8 48
+2 12

fl=(132)
fn=(418)
561 4
+3 1
+2 2
+13 1
cfn=(422) _dlfo_process_initial
calls=1 474 
* 79
+1 1
-1 1
+1 1
fi=(29)
56 1
cfi=(28)
cfn=(80)
calls=1 -21 
* 25
fe=(132)
580 1
fi=(29)
56 1
fe=(132)
582 2
+3 2
+5 1
+1 1
cfn=(422)
calls=1 474 
* 280
+3 3
+10 4
-37 2
cfi=(133) ./elf/./dl-find_object.h
cfn=(420) _dl_find_object_from_map
calls=1 95 
* 68
* 1
+29 2
cfn=(424) _dlfo_sort_mappings
calls=1 -60 
* 80
+3 6
+2 1

fn=(422)
474 2
+3 2
-3 2
+1 2
+3 4
+26 14
+1 6
+1 8
-1 16
+3 28
+3 24
-7 10
+25 2
+2 8
-18 18
+3 6
-1 6
cfi=(133)
cfn=(420)
calls=3 95 
* 189
+2 12

fn=(424)
536 1
+1 2
+3 4
+4 1
+1 1
-1 1
+1 2
-1 1
+1 1
-1 1
+1 6
+1 19
-1 9
+8 6
+1 4
-1 2
-13 4
+14 6
+1 4
-15 4
+17 1

fl=(76)
fn=(260)
252 8
42 1
+9 1
-10 1
+4 1
-4 1
+3 2
+4 2
+1 1
-5 1
+5 1
-1 2
+14 2
254 8

fl=(65)
fn=(204)
25 1
+2 7
+4 1

fl=(23)
fn=(64)
57 16
+44 16
+1 16
+1 16
+1 16
+1 16
+1 16
+1 16
+2 16
+2 16
+31 16
+1 16
+1 16
+1 16
+1 16
+1 10
+2 10
+4 6
+1 6
+1 6
+1 6
+1 6
+1 6
+1 6
+1 6
+1 6
+1 6
+1 6
+1 6
+5 48

fl=(15)
fn=(34) _dl_x86_init_cpu_features
37 1
+2 3
+2 1
cfi=(16)
cfn=(36)
calls=1 399 
* 7371

fn=(438)
71 1
-32 3
+32 2

fl=(24) ./elf/../misc/sbrk.c
fn=(66) sbrk
37 5
+3 1
+18 2
+4 2
+16 5

fl=(133)
fn=(420)
95 8
+1 8
+1 4
+6 20
+1 119
+1 82
+2 12
+5 4

fl=(28)
fn=(80)
35 120
+1 72
+11 69
+3 23
-3 23
+3 46
-3 2
+3 1
-3 1
+3 90
+18 24
+1 24
+2 96
-16 8
+1 4
+2 2
+1 14
cfi=(60)
cfn=(190)
calls=2 -12 
* 18
* 2
+2 4
+2 4
+2 2
+4 2
-4 4
-23 1
-1 1
+1 1
+1 2
-2 2

fn=(142)
95 1
+2 4

fn=(76)
78 8
+4 8
-4 32
+7 8
+1 24
fi=(29)
-30 8
cfi=(28)
cfn=(80)
calls=8 -21 
* 234
fe=(28)

fl=(56)
fn=(178)
25 2
+1 8
+1 2

fl=(58)
fn=(186)
29 6
+1 6
+5 9
cfi=(59)
cfn=(188)
calls=3 154 
* 24

fl=(147)
fn=(476)
77 12
+1 1
+1 1
+3 3
+8 2
+25 1
+1 5
+1 2
-86 4
+86 6
-86 12
+2 20
cfn=(478) call_init.part.0
calls=3 -7 
* 187
+83 12
+7 8
-92 4
+2 6
cfn=(478)
calls=1 -7 
* 61
+52 2

fn=(478)
26 32
+13 4
-13 4
+16 4
-3 8
+3 8
+5 6
+8 9
+1 6
cob=(2)
cfi=(51)
cfn=(480) 0x000000000483b000
calls=1 -56 
* 26
+3 3
+1 6
+6 2
+2 2
-2 1
+3 7
+1 4
cob=(3)
cfi=(152)
cfn=(506)
calls=1 +13 
* 12
* 4
cob=(3)
cfi=(149)
cfn=(498)
calls=1 -24 
* 68
-1 6
+3 24
-29 2

fl=(52)
fn=(164) _dl_catch_exception
175 6
+5 3
-5 9
+5 3
-2 6
+22 3
-1 3
+7 6
-6 3
+3 6
+3 3
cfi=(53)
cfn=(166)
calls=3 30 
* 72
* 9
+2 9
cfi=(66)
cfn=(210)
calls=2 61 
* 6341
cfi=(2)
cfn=(168)
calls=1 644 
* 2538
+2 3
-1 3
+1 3
-1 3
+1 6
-25 3
+34 6

fn=(238)
238 6
+1 1
+1 1
+3 1
+1 1
+2 1
cfi=(2)
cfn=(240)
calls=1 677 
* 3688
+2 1
+1 1
+1 4

fn=(160) _dl_catch_error
225 10
+2 2
cob=(2)
cfi=(51)
cfn=(162)
calls=1 0 
* 2596
+1 2
+1 1
+1 1
-1 1
+1 1
+2 5

fl=(30)
fn=(126)
205 32
+1 32
+1 32
+1 32
+17 32
+1 32
+2 6
+1 6
+1 6
+2 5
+1 5
+1 5
+2 5
+80 26
+1 26
+2 8
+4 8
+1 3
+1 3
+1 2
+1 2
+1 2
+1 2
+2 2
+2 3
+6 5
+1 5
+1 5
+1 5
+1 5
+29 18
+1 18
+1 18
+1 18
+1 18
+7 1
+1 1
+1 1
+1 1
+1 1
+1 1
+1 1
+11 1
+1 1
+2 1
+1 1
+1 1

fn=(84)
218 16
+1 16
+6 16
+1 16
+2 9
+1 9
+1 9
+2 6
+1 6
+1 6
+2 6
+80 7
+1 7
+2 1
+4 1
+1 1
+1 1
+1 1
+1 1
+4 1
+2 1
+39 6
+1 6
+1 6
+1 6
+1 6
+7 3
+1 3
+1 3
+1 3
+1 3
+1 3
+1 3
+11 3
+1 3
+2 3
+1 3
+1 3

fl=(67)
fn=(214)
28 20
+1 40
cfi=(59)
cfn=(188)
calls=10 154 
* 98

fl=(41) ./elf/./elf/dl-hwcaps_split.c
fn=(120) _dl_hwcaps_split
25 4
+1 3
+21 1
-20 1
+20 3

fn=(116) _dl_hwcaps_split_masked
51 77
-25 44
+36 5
-7 5
+7 25
-26 24
+5 27
cfi=(42)
cfn=(118)
calls=9 -9 
* 216
* 9
+1 18
+3 6
+11 12
+1 18
+1 12
-2 6
+1 9
+1 6
-28 24
+4 48
+1 12
-1 30
+24 6
+9 12
-5 6
-2 6
+2 30
-19 6
cfi=(23)
cfn=(64)
calls=3 +14 
* 51
* 6

fl=(136)
fn=(434)
30 2
+10 3
-10 1
+10 1
-10 1
+7 1
+3 3
cfi=(137)
cfn=(436)
calls=1 +34 
* 243
+4 2
+1 8
+2 3
-2 1
+2 3
cfi=(137)
cfn=(436)
calls=1 +27 
* 239
+4 2
+1 6
+1 2
-1 1
+1 2

fl=(9)
fn=(466)
147 1
+1 1

fn=(16)
102 4
+1 1
+3 2
cfn=(18) _dl_sysdep_parse_arguments
calls=1 -28 
* 463
+4 2
cfi=(11)
cfn=(22)
calls=1 279 
* 33079
+3 1
cfi=(13)
cfn=(26)
calls=1 295 
* 32
+2 2
cfi=(14)
cfn=(30)
calls=1 -79 
* 8
fi=(5)
+91 1
cfi=(15)
cfn=(34)
calls=1 37 
* 7376
fe=(9)
-84 3
+1 1
cfi=(23)
cfn=(64)
calls=1 -66 
* 17
* 1
+2 2
cfi=(24)
cfn=(66)
calls=1 -88 
* 15
* 3
+12 3
+3 5
cfi=(2)
cfn=(68)
calls=1 1357 
* 101252
+3 4

fn=(18)
78 1
+2 1
-2 4
+1 1
+1 1
-1 1
+2 2
+2 1
-2 1
+2 2
-1 1
+1 2
-1 63
+1 126
+7 2
-4 1
+4 54
fi=(10) ./elf/../sysdeps/unix/sysv/linux/dl-parse_auxv.h
-49 1
-9 1
fe=(9)
+54 1
fi=(10)
-54 1
+1 1
+1 1
+7 3
+1 40
+1 20
-2 20
+2 20
-2 61
fe=(9)
+52 1
+1 1
+1 1
fi=(10)
-49 1
+1 2
+1 1
+1 1
+1 1
+1 1
+1 1
+2 1
-5 1
-2 1
+1 1
+2 1
+1 1
+3 1
-9 1
+1 1
+6 1
fe=(9)
+42 1
-1 1
+2 1
+1 5

fl=(7)
fn=(430) lookup_malloc_symbol
61 8
+3 4
-3 16
+3 4
-3 4
+3 8
-1 4
+1 12
cfi=(78)
cfn=(270)
calls=4 756 
* 2223
+4 28
+1 28
+2 4
fi=(135) ./elf/./dl-sym-post.h
-30 8
+12 12
fe=(7)
+19 20

fn=(134)
239 2
+3 6
+2 2
+1 4
+4 46
+7 112
-2 56
+13 1
+4 4
-22 14
+11 14
-11 30

fn=(12)
42 1
+1 2
+1 2
+1 2
+1 2
+1 1

fn=(426)
76 2
+10 1
fi=(134) ./elf/../sysdeps/generic/dl-hash.h
-41 1
fe=(7)
+31 1
fi=(134)
-32 1
fe=(7)
+32 5
+11 1
-1 1
fi=(134)
-43 1
+5 3
+14 4
-17 3
+3 15
+14 20
-17 15
fe=(7)
+46 2
fi=(134)
-24 1
fe=(7)
+22 1
+2 2
fi=(134)
-19 1
fe=(7)
+19 1
cfn=(430)
calls=1 -30 
* 573
+1 3
-1 1
+1 1
cfn=(430)
calls=1 -31 
* 599
+1 3
-1 1
+1 1
cfn=(430)
calls=1 -32 
* 638
+1 3
-1 1
+1 1
cfn=(430)
calls=1 -33 
* 573
+5 1
+1 1
+1 1
+1 1
+1 7

fl=(25)
fn=(88)
42 8
+2 16

fn=(256)
68 2
fi=(199) ./elf/../include/list.h
-24 1
fe=(25)
+24 1
fi=(199)
-25 1
fe=(25)
+26 1
+3 1
fi=(199)
-29 1
+1 1
+1 1
+2 1
fe=(25)
+28 4
+1 2
+1 1
+5 2
+5 1
+6 1
-3 1
+3 1
-6 3
+6 1
+13 3
fi=(75) ./elf/../sysdeps/unix/sysv/linux/rseq-internal.h
-72 1
fe=(25)
+72 1
cfi=(11)
cfn=(28)
calls=1 402 
* 20
fi=(75)
-74 3
+2 6
+3 2
+3 1
fe=(25)
+83 3
+7 2
+1 3

fn=(70)
53 3
+3 8
+5 1
-5 1
+5 1
+1 1
-6 1
+8 1

fl=(44)
fn=(130)
140 7
+1 35
+5 7
+1 7
+3 7
+1 7
+2 1
+1 1
+1 1
+34 4
+1 4
+2 4
+60 6
+1 6
+12 6
+3 6
+1 6
+12 2
+1 2
+13 2
+1 2
+2 2
+3 1
+3 2
+3 1
+1 1
+1 1
+1 1
+1 1
+1 1
+1 1
-6 28
+1 28
+1 28
+1 28
+1 28
+1 28
+1 28
+3 2
+1 2
+1 2
+1 2
+5 2

fl=(39) ./elf/../sysdeps/x86_64/dl-hwcaps-subdirs.c
fn=(110) _dl_hwcaps_subdirs_active
29 1
fi=(18)
+2 1
fe=(39)
+7 1
fi=(18)
-7 2
-1 2
fe=(39)
+22 1
fi=(18)
-20 3
+4 1
fe=(39)
+2 1
fi=(18)
-2 2
+3 4
+1 4
+5 1
fe=(39)
-7 1
fi=(18)
+7 3
fe=(39)
-2 1
fi=(18)
+5 2
+3 5
+2 4
+1 2
+1 2
+6 1
fe=(39)
-13 1
fi=(18)
+13 1
-3 2
fe=(39)

fl=(47)
fn=(146)
197 1
+2 2
+1 1
+15 2

fn=(254)
422 2
+2 1
-2 2
+13 1
+1 1
fi=(29)
56 1
cfi=(28)
cfn=(80)
calls=1 -21 
* 53
fe=(47)
437 2
+8 3
fi=(29)
44 1
fe=(47)
445 2
+5 1
-5 1
+1 1
+4 304
+19 1
-99 1
+4 1
+1 1
fi=(29)
44 1
cfi=(28)
cfn=(76)
calls=1 +34 
* 36
fe=(47)
376 2
+3 1
+6 2
+90 5

fn=(228)
131 2
+3 1
+13 1
-13 1
+52 1
+2 1
+3 1
+1 2

fn=(414)
1015 8
+6 1
+3 1
+1 1
+4 3
+34 2
+3 3
+1 3
+3 6

fn=(416)
528 10
+1 2
+4 1
+6 1
-6 1
+6 1
cfi=(25)
cfn=(88)
calls=1 42 
* 3
+3 3
+12 1
-18 1
-1 1
+43 2
-19 13
+9 3
+1 2
+6 3
+3 1
-2 1
+2 1
-2 1
+2 4
+4 1
-4 1
+4 1
-1 2
+4 2
+1 4
+2 2
+1 2
+17 1
-8 1
+8 1
+2 3
cfi=(30)
cfn=(126)
calls=1 205 
* 13
* 5
cfi=(44)
cfn=(130)
calls=1 140 
* 25
-49 1
+55 1
-55 4
+6 5
+55 2
cfi=(25)
cfn=(88)
calls=1 42 
* 3
+3 2
+3 9

fn=(252)
221 8
+6 3
+3 2
+36 3
+2 1
-2 1
-2 1
-40 1
-1 1
-1 1
+46 2
+23 3
+3 1
-3 5
+2 2
-2 1
-25 1
+20 1
-20 5
+2 2
+3 1
-1 1
+5 2
-5 1
+1 1
-1 1
+3 2
+2 3
+32 2
-1 1
+53 1
-52 5
+2 2
+51 8

fn=(250)
97 2
+4 1
-4 2
+4 1
-4 2
+4 3
cfi=(11)
cfn=(28)
calls=1 402 
* 21
* 1
+1 4
cfi=(11)
cfn=(28)
calls=1 402 
* 21
+6 1
+2 1
-8 1
+6 2
+2 3
+3 1
+2 1
-32 3
+34 3
+1 5

fl=(74)
fn=(242)
392 6
+4 5
-2 2
+4 24
cfn=(244) _dl_check_map_versions
calls=4 155 
* 3605
-2 4
+2 12
-1 4
-1 8
+5 7

fn=(244)
155 32
+15 4
-15 4
+15 8
+2 16
+2 4
+1 4
+2 8
+3 4
-16 4
+20 2
-28 2
+24 2
+4 10
+16 4
36 2
200 2
36 12
+1 5
-1 10
+2 21
cfi=(54)
cfn=(172)
calls=7 +30 
* 605
* 14
204 4
+4 6
+5 2
fi=(200) ./elf/../sysdeps/generic/_itoa.h
76 6
fe=(74)
213 4
+4 4
+1 4
-1 2
+4 2
-3 2
+3 2
-3 6
-1 8
+1 8
-1 4
+4 4
-3 4
+3 4
-3 27
56 24
+8 18
+6 18
+16 6
+1 12
+2 6
+5 54
+14 114
+12 153
+4 51
-30 102
231 24
+3 18
+5 4
-24 4
110 6
+3 24
cfi=(33)
cfn=(94)
calls=6 -15 
* 275
* 18
224 24
+4 4
+15 6
+14 10
+3 4
+3 14
+3 6
+4 44
-7 176
+3 134
+8 6
+6 6
fi=(29)
44 3
fe=(74)
280 6
fi=(29)
44 3
cfi=(28)
cfn=(76)
calls=3 +34 
* 108
fe=(74)
281 6
-2 3
fi=(29)
44 3
fe=(74)
281 3
+13 3
-3 3
+3 12
+2 6
+3 8
+4 6
+7 6
+1 6
-1 18
+1 6
+1 6
-2 6
+2 12
+1 18
+3 18
+5 4
-15 4
+2 4
-2 4
+2 4
-2 4
+2 8
-2 2
+2 2
-2 2
+2 2
-2 2
+2 4
+16 6
+10 4
+3 4
+4 44
+6 44
+1 44
+1 44
-1 132
+1 44
-1 44
+1 44
+1 44
+3 132
+4 44
-14 92
+10 6
+12 4
+1 4
+1 4
+1 2
+19 36
164 2
-8 2
257 5
+17 3
+60 2
-40 2
+76 4
+2 4
+4 2
-4 104
+1 52
+2 1
+1 2
-1 1
+1 1
cfi=(33)
cfn=(246)
calls=1 98 
* 32
* 2

fl=(38)
fn=(108)
175 7
+1 1
-1 4
+1 1
-1 1
+1 1
-1 1
+1 1
-1 1
+1 1
cfi=(11)
cfn=(28)
calls=1 402 
* 21
* 1
+3 1
-1 1
+1 1
-1 1
+1 1
+26 2
-26 1
+25 1
cfi=(39)
cfn=(110)
calls=1 29 
* 49
fi=(40) ./elf/./dl-hwcaps.h
54 1
fe=(38)
205 2
-1 1
fi=(40)
56 1
+32 1
+1 1
+1 1
fe=(38)
-35 2
cfi=(41)
cfn=(116)
calls=1 -4 
* 18
* 2
fi=(40)
-1 1
+2 1
-2 1
+34 2
+1 2
+1 1
fe=(38)
-32 2
-1 2
+1 2
+1 2
-1 2
-3 4
cfi=(41)
cfn=(116)
calls=2 -4 
* 120
* 2
cfi=(41)
cfn=(116)
calls=1 -4 
* 120
* 6
+48 3
fi=(29)
-47 1
cfi=(28)
cfn=(80)
calls=1 -21 
* 25
fe=(38)
+49 2
-2 1
+2 1
fi=(40)
-51 1
fe=(38)
+57 2
-3 1
fi=(40)
-54 3
+2 1
+1 1
fe=(38)
+58 2
cfi=(41)
cfn=(120)
calls=1 -90 
* 12
* 2
fi=(40)
-61 2
+2 1
-2 1
+34 3
+1 2
+1 1
fe=(38)
+40 10
+1 4
+1 2
+1 2
-1 2
-4 4
cfi=(41)
cfn=(116)
calls=2 -77 
* 120
* 2
cfi=(41)
cfn=(116)
calls=1 -77 
* 120
* 6
+8 5
+9 4
+3 1
-3 7
+1 6
+14 4
+4 1
+1 2
+1 1
-20 2
+19 1
+1 1
-20 2
+8 2
+4 7
cfi=(43)
cfn=(122)
calls=1 -99 
* 19
+1 3
-14 9
+70 2
+1 4
+4 6
+1 1
-1 1
+1 2
+1 2
-2 5
+1 1
-1 1
+1 2
+1 2
-2 5
+5 1
+3 2
-3 2
+3 13
+7 1
-6 1
+6 1
-7 1
+7 1
-7 2
+2 1
+1 4
+2 2
+3 1
-3 2
fi=(201) ./elf/../sysdeps/x86/dl-hwcap.h
57 4
fe=(38)
233 1
+1 1
cfi=(23)
cfn=(64)
calls=1 57 
* 17
+1 1
-5 1
+4 1
+1 4
-5 4
+10 6
-2 3
+2 1
+1 1
+1 1
-1 1
+4 5
+1 1
-1 1
+4 2
+5 1
-1 1
+1 2
-1 1
+4 2
+1 1
-1 3
+1 2
+19 3
+7 1
-7 2
+7 1
-7 4
+7 2
fi=(29)
56 1
cfi=(28)
cfn=(80)
calls=1 -21 
* 25
* 1
fe=(38)
285 2
+8 1
fi=(40)
54 1
+2 1
fe=(38)
292 2
fi=(40)
88 1
fe=(38)
-5 2
293 1
fi=(40)
54 1
+35 1
fe=(38)
293 1
fi=(40)
89 1
+1 1
fe=(38)
-10 2
cfi=(41)
cfn=(116)
calls=1 -29 
* 18
* 2
fi=(40)
-26 2
+2 1
fe=(38)
+27 2
fi=(40)
-29 1
+34 3
+1 2
+1 1
fe=(38)
-8 2
+1 4
+7 2
-7 8
cfi=(30)
cfn=(126)
calls=2 205 
* 26
+4 2
+2 2
+2 2
-2 4
-9 4
cfi=(41)
cfn=(116)
calls=2 -29 
* 120
* 2
cfi=(41)
cfn=(116)
calls=1 -29 
* 120
* 6
306 4
+40 2
-16 2
+16 1
-6 5
-7 1
+7 1
-7 1
+7 1
+6 2
+4 1
-93 1
+93 3
-4 1
+3 1
+1 2
-1 2
+1 3
-1 1
+1 2
-4 2
-3 1
+3 1
cfi=(30)
cfn=(126)
calls=1 205 
* 18
* 2
-3 1
+3 1
cfi=(30)
cfn=(126)
calls=1 205 
* 18
* 2
+3 2
-3 6
+3 5
+1 12
+1 2
-2 1
+2 1
cfi=(30)
cfn=(126)
calls=1 205 
* 15
* 2
-2 2
+5 6
cfi=(30)
cfn=(126)
calls=2 205 
* 30
* 4
+2 15
+6 1
-1 3
+1 7
-1 29
+5 12
+3 1
-3 1
+4 12
+1 12
-2 4
+1 8
+1 4
-1 4
+1 8
-1 8
-1 4
+1 8
-1 4
+4 5
260 1
+1 4
+1 3
-1 1
+1 1
-1 3
+12 4
-45 2
361 2
+5 9
+3 1
-3 2
+4 12
+1 4
-1 4
+1 8
-2 4
+1 8
-1 14
+4 3
+4 1
-1 1
+2 1
-2 1
+1 1
+1 1
-2 1
+2 3
-2 3
+4 6
+1 2
+3 2
-6 2
+6 3
+7 7
+1 1
-1 2
+3 2
-3 3
+1 3
-1 6
+3 6
+3 4
-21 1
-59 2
+86 9
-20 1
+1 2
-6 3
261 3
+2 3

fl=(55)
fn=(176)
28 13
+3 13
-3 13
+3 78
+8 91
+2 3
-2 30
+2 10

fl=(78)
fn=(270)
756 198
+3 99
-3 297
+3 99
-3 693
fi=(79) ./elf/../sysdeps/generic/dl-new-hash.h
74 99
+3 198
-8 99
+1 198
+10 99
+1 198
-1 590
+1 1180
+20 643
-2 643
+6 643
-3 1286
+2 643
-30 643
+3 1286
fe=(78)
758 99
+1 99
+3 99
-4 99
+1 99
+7 378
+3 99
+2 198
-2 99
+6 198
-7 1089
+7 35
+1 1386
cfn=(274) do_lookup_x
calls=99 348 
* 36048
* 297
+28 99
-23 297
+23 99
-23 198
+24 536
+7 92
+28 368
+17 184
-3 276
-54 99
+59 891
fi=(79)
87 46
+1 46
+1 92
+1 46
fe=(78)
855 1
+3 1
-75 42
+18 21
+39 21

fn=(274)
348 792
+1 99
-1 396
+6 99
-6 198
+7 99
+41 99
+3 99
-33 99
+30 99
+3 297
-33 99
+33 297
-19 930
+8 310
-4 310
+4 310
-3 310
+3 930
+1 310
+3 310
-3 310
+4 620
+7 310
-3 620
-2 310
+5 930
+3 2170
+99 657
359 622
+3 622
+4 628
+4 620
+4 620
fi=(4)
137 184
+1 276
fe=(78)
460 184
fi=(80) ./elf/../sysdeps/generic/dl-protected.h
29 368
fe=(78)
467 708
+16 184
+1 92
+1 184
-78 291
-1 194
+2 194
+2 97
+6 291
-6 97
+6 776
+7 372
-10 1080
+3 94
-1 188
+1 94
-1 94
+2 188
-1 1128
cfn=(276) check_match
calls=94 71 
* 11175
+4 282
+3 4
+82 7
+1 792
-35 21
-17 10
172 40
437 828

fn=(276)
71 94
+3 94
-3 1128
+3 372
+13 92
-13 92
+13 92
-13 92
+13 276
+3 312
cfi=(33)
cfn=(94)
calls=32 +8 
* 1540
* 64
+4 92
+1 184
+2 180
+19 180
+1 720
-38 92
+84 564
-18 4
+2 4
+1 2
-1 4
+1 6
-1 4
-29 270
cfi=(33)
cfn=(94)
calls=90 -20 
* 4429
* 180
-44 8
+5 4

fl=(72)
fn=(230)
30 20
+4 2
+1 4
+10 4
+18 2
-17 2
+17 6

ob=(5)
fl=(153)
fn=(694) addCar
0 60401
cfn=(658) insert
calls=5491 0 
0 6059898
0 27419
cob=(2)
cfi=(51)
cfn=(662) 0x0000000000109110
calls=5479 0 
0 840684
0 5515
cob=(2)
cfi=(51)
cfn=(662)
calls=12 0 
0 1836
0 10994

fn=(732) predecessor
0 75124
cfn=(734) maximum
calls=2466 0 
0 52418
0 75228

fn=(544) createNilNode
0 6
cob=(2)
cfi=(51)
cfn=(546) 0x0000000000109160
calls=1 0 
0 1747
0 8

fn=(652) createStation
0 10962
cfn=(654) findStation
calls=783 0 
0 215656
0 7764
cfn=(656) createNode
calls=772 0 
0 135822
0 659549
cfn=(658)
calls=47294 0 
0 64622069
0 334918
cfn=(660) insertFixup
calls=772 0 
0 60055
0 3860
cob=(2)
cfi=(51)
cfn=(662)
calls=772 0 
0 118876
0 805
cob=(2)
cfi=(51)
cfn=(662)
calls=11 0 
0 1683
0 2349

fn=(704) deleteStation
0 5020
cfn=(706) transplant
calls=95 0 
0 2425
0 720
cfn=(706)
calls=15 0 
0 383
0 264
cfn=(716) successor
calls=83 0 
0 3443
0 1343
cfn=(706)
calls=49 0 
0 1274
0 637
cfn=(706)
calls=49 0 
0 1243
0 170
cfn=(706)
calls=34 0 
0 868
0 1706
cfn=(708) deleteFixup
calls=108 0 
0 7588
0 584
cob=(2)
cfi=(51)
cfn=(710) 0x00000000001090f0
calls=1 0 
0 133
0 576
cob=(2)
cfi=(51)
cfn=(710)
calls=192 0 
0 25632
0 579
cob=(2)
cfi=(51)
cfn=(662)
calls=193 0 
0 29529
0 235
cob=(2)
cfi=(51)
cfn=(662)
calls=14 0 
0 2142
0 621

fn=(706)
0 6193

fn=(724) findPath
0 31
cfn=(726) enqueue
calls=1 0 
0 204
0 25430
cfn=(730) isReachable
calls=5061 0 
0 138040
0 41239
cfn=(732)
calls=5020 0 
0 202770
0 35837
cfn=(726)
calls=41 0 
0 14350
0 177

fn=(734)
0 52418

fn=(510)
0 12
cob=(3)
cfi=(154)
cfn=(512)
calls=1 242 
0 100765881

fn=(656)
0 5404
cob=(2)
cfi=(51)
cfn=(546)
calls=772 0 
0 115750
0 14668

fn=(658)
0 70681967

fn=(702) deleteCar
0 191790
cob=(2)
cfi=(51)
cfn=(662)
calls=181 0 
0 27918
0 217
cob=(2)
cfi=(51)
cfn=(662)
calls=12 0 
0 1836
0 624

fn=(654)
0 116558
cfn=(655) findStation'2
calls=606 0 
0 130362
0 5328
cfn=(655)
calls=787 0 
0 178543
0 13382

fn=(655)
0 258896
cfn=(655)
calls=4277 0 
0 499685
0 30071
cfn=(655)
calls=4299 0 
0 487251
0 19938

fn=(690) rightRotate
0 10313

fn=(716)
0 1411
cfn=(718) minimum
calls=83 0 
0 1783
0 249

fn=(542)
0 14
cfn=(544)
calls=1 0 
0 1761
0 9
cob=(2)
cfi=(51)
cfn=(570) 0x0000000000109190
calls=1 0 
0 1833
0 40134
cob=(2)
cfi=(51)
cfn=(570)
calls=6689 0 
0 1130801
0 60210
cfn=(622) execute
calls=6690 0 
0 99429780
0 20067
cob=(2)
cfi=(51)
cfn=(682) 0x0000000000109150
calls=6689 0 
0 66890
0 13378

fn=(692) leftRotate
0 10595

fn=(708)
0 1268
cfn=(692)
calls=5 0 
0 233
0 571
cfn=(690)
calls=10 0 
0 420
0 190
cfn=(692)
calls=10 0 
0 427
0 210
cfn=(692)
calls=14 0 
0 607
0 282
cfn=(690)
calls=2 0 
0 94
0 358
cfn=(692)
calls=5 0 
0 215
0 95
cfn=(690)
calls=5 0 
0 214
0 210
cfn=(690)
calls=14 0 
0 619
0 1575

fn=(728) isEmpty
0 379

fn=(730)
0 138040

fn=(726)
0 336
cob=(2)
cfi=(51)
cfn=(546)
calls=42 0 
0 6846
0 420
cfn=(728)
calls=42 0 
0 379
0 6573

fn=(522)
0 12

fn=(622)
0 100350
cob=(2)
cfi=(51)
cfn=(624) 0x0000000000109170
calls=6690 0 
0 740111
0 40140
cob=(2)
cfi=(51)
cfn=(640) 0x0000000000109140
calls=6690 0 
0 147180
0 16512
cob=(2)
cfi=(51)
cfn=(624)
calls=783 0 
0 89262
0 3915
cob=(2)
cfi=(51)
cfn=(624)
calls=783 0 
0 89610
0 1566
cob=(2)
cfi=(51)
cfn=(644) 0x0000000000109180
calls=783 0 
0 101893
0 208278
cob=(2)
cfi=(51)
cfn=(624)
calls=783 0 
0 92482
0 143349
cob=(2)
cfi=(51)
cfn=(644)
calls=47000 0 
0 11881922
0 329000
cob=(2)
cfi=(51)
cfn=(624)
calls=47000 0 
0 5642060
0 239698
cob=(2)
cfi=(51)
cfn=(644)
calls=783 0 
0 215446
0 4698
cfn=(652)
calls=783 0 
0 66174368
0 30318
cob=(2)
cfi=(51)
cfn=(640)
calls=5907 0 
0 129954
0 12642
cob=(2)
cfi=(51)
cfn=(624)
calls=207 0 
0 24426
0 1035
cob=(2)
cfi=(51)
cfn=(644)
calls=207 0 
0 58691
0 621
cfn=(654)
calls=207 0 
0 45796
0 828
cfn=(704)
calls=207 0 
0 87115
0 28707
cob=(2)
cfi=(51)
cfn=(640)
calls=5700 0 
0 125400
0 33364
cob=(2)
cfi=(51)
cfn=(624)
calls=5491 0 
0 713830
0 27455
cob=(2)
cfi=(51)
cfn=(624)
calls=5491 0 
0 719321
0 27455
cob=(2)
cfi=(51)
cfn=(644)
calls=5491 0 
0 1500616
0 16473
cfn=(654)
calls=5491 0 
0 133665
0 21964
cob=(2)
cfi=(51)
cfn=(644)
calls=5491 0 
0 1441109
0 27455
cfn=(694)
calls=5491 0 
0 7006747
0 6536
cob=(2)
cfi=(51)
cfn=(640)
calls=209 0 
0 4598
0 1250
cob=(2)
cfi=(51)
cfn=(624)
calls=208 0 
0 27040
0 1040
cob=(2)
cfi=(51)
cfn=(624)
calls=208 0 
0 26494
0 1040
cob=(2)
cfi=(51)
cfn=(644)
calls=208 0 
0 57200
0 624
cfn=(654)
calls=208 0 
0 48520
0 832
cob=(2)
cfi=(51)
cfn=(644)
calls=208 0 
0 54506
0 1040
cfn=(702)
calls=208 0 
0 222385
0 213
cob=(2)
cfi=(51)
cfn=(640)
calls=1 0 
0 22
0 6
cob=(2)
cfi=(51)
cfn=(624)
calls=1 0 
0 114
0 2
cob=(2)
cfi=(51)
cfn=(644)
calls=1 0 
0 274
0 5
cob=(2)
cfi=(51)
cfn=(624)
calls=1 0 
0 131
0 2
cob=(2)
cfi=(51)
cfn=(644)
calls=1 0 
0 283
0 13
cfn=(654)
calls=1 0 
0 284
0 13
cfn=(654)
calls=1 0 
0 252
0 8
cfn=(724)
calls=1 0 
0 458078
0 40148

fn=(660)
0 15079
cfn=(692)
calls=72 0 
0 3164
0 1596
cfn=(690)
calls=133 0 
0 5780
0 7566
cfn=(690)
calls=75 0 
0 3186
0 1656
cfn=(692)
calls=138 0 
0 5949
0 16079

fn=(718)
0 1783

ob=(2)
fl=(51)
fn=(570)
0 13380
cob=(3)
cfi=(166)
cfn=(572)
calls=6690 27 
0 1119254

fn=(630)
0 133726
cob=(3)
cfi=(179)
cfn=(632)
calls=66863 63 
0 2334681

fn=(710)
0 386
cob=(3)
cfi=(160)
cfn=(712)
calls=193 3346 
0 25379

fn=(502)
0 2
cob=(3)
cfi=(151)
cfn=(504)
calls=1 53 
0 22

fn=(624)
0 135292
cob=(3)
cfi=(177)
cfn=(626)
calls=67646 32 
0 8029589

fn=(634)
0 133726
cob=(3)
cfi=(180)
cfn=(636)
calls=66863 87 
0 2757772

fn=(528)
0 2
cob=(1)
cfi=(49)
cfn=(532)
calls=1 118 
0 5
cob=(1)
cfi=(144)
cfn=(458)
calls=1 71 
0 773
0 5

fn=(604)
0 8
cob=(3)
cfi=(160)
cfn=(608)
calls=4 3394 
0 1285
cob=(1)
cfi=(144)
cfn=(458)
calls=1 71 
0 616
0 5

fn=(546)
0 1630
cob=(3)
cfi=(160)
cfn=(548)
calls=815 3281 
0 122713

fn=(600)
0 13684
cob=(3)
cfi=(174)
cfn=(602)
calls=6842 61 
0 241806

fn=(686)
0 13344
cob=(3)
cfi=(175)
cfn=(688)
calls=6672 250 
0 100111

fn=(158)
0 2
cob=(1)
cfi=(52)
cfn=(160)
calls=1 225 
0 2619

fn=(452)
0 38
cob=(1)
cfi=(11)
cfn=(28)
calls=19 402 
0 391
cob=(1)
cfi=(144)
cfn=(458)
calls=1 71 
0 762
0 5

fn=(518)
0 7

fn=(682)
0 13378
cob=(3)
cfi=(188)
cfn=(684)
calls=6689 32 
0 53512

fn=(480)
0 6
cob=(4)
cfi=(148)
cfn=(484)
calls=1 0 
0 12
0 1
cob=(4)
cfi=(148)
cfn=(492)
calls=1 0 
0 5
0 2

fn=(614)
0 13690
cob=(3)
cfi=(175)
cfn=(616)
calls=6845 263 
0 138607

fn=(640)
0 37014
cob=(3)
cfi=(182)
cfn=(642)
calls=18507 206 
0 370140

fn=(644)
0 120346
cob=(3)
cfi=(183)
cfn=(646)
calls=60173 26 
0 15191594

fn=(662)
0 13348
cob=(3)
cfi=(186)
cfn=(664)
calls=6674 33 
0 1011156

fn=(666)
0 13348
cob=(3)
cfi=(187)
cfn=(668)
calls=6674 52 
0 93436

fn=(576)
0 6
cob=(3)
cfi=(160)
cfn=(548)
calls=3 3281 
0 453

fn=(162)
0 6
cob=(1)
cfi=(52)
cfn=(164)
calls=3 175 
0 9047

totals: 100909267
